1 1 bfs rdul 1 4 2 1 1,960
1 2 bfs rdul 1 4 2 1 1,893
2 1 bfs rdul 2 13 5 2 1,928
2 2 bfs rdul 2 19 6 2 1,905
2 3 bfs rdul 2 24 9 2 1,950
2 4 bfs rdul 2 13 5 2 1,911
3 1 bfs rdul 3 23 10 3 1,935
3 2 bfs rdul 3 49 20 3 1,992
3 3 bfs rdul 3 58 25 3 2,008
3 4 bfs rdul 3 49 20 3 1,994
3 5 bfs rdul 3 40 17 3 2,012
3 6 bfs rdul 3 63 28 3 2,052
3 7 bfs rdul 3 54 23 3 2,228
3 8 bfs rdul 3 54 23 3 1,998
3 9 bfs rdul 3 69 30 3 2,450
3 10 bfs rdul 3 23 10 3 2,086
4 1 bfs rdul 4 79 34 4 2,075
4 2 bfs rdul 4 96 41 4 2,157
4 3 bfs rdul 4 107 50 4 2,184
4 4 bfs rdul 4 149 68 4 2,384
4 5 bfs rdul 4 105 46 4 2,202
4 6 bfs rdul 4 116 55 4 2,339
4 7 bfs rdul 4 128 55 4 2,240
4 8 bfs rdul 4 145 70 4 2,423
4 9 bfs rdul 4 79 34 4 2,075
4 10 bfs rdul 4 111 48 4 2,241
4 11 bfs rdul 4 86 37 4 3,865
4 12 bfs rdul 4 96 41 4 2,366
4 13 bfs rdul 4 110 49 4 2,275
4 14 bfs rdul 4 121 58 4 2,277
4 15 bfs rdul 4 133 58 4 2,298
4 16 bfs rdul 4 150 73 4 2,429
4 17 bfs rdul 4 84 37 4 2,813
4 18 bfs rdul 4 116 51 4 2,699
4 19 bfs rdul 4 86 37 4 2,110
4 20 bfs rdul 4 71 30 4 2,117
4 21 bfs rdul 4 165 80 4 3,074
4 22 bfs rdul 4 99 44 4 3,029
4 23 bfs rdul 4 187 88 4 2,761
4 24 bfs rdul 4 128 59 4 2,299
5 1 bfs rdul 5 177 80 5 2,568
5 2 bfs rdul 5 354 167 5 3,562
5 3 bfs rdul 5 194 87 5 4,186
5 4 bfs rdul 5 216 97 5 2,962
5 5 bfs rdul 5 243 112 5 2,755
5 6 bfs rdul 5 177 80 5 2,540
5 7 bfs rdul 5 354 167 5 4,021
5 8 bfs rdul 5 267 126 5 3,015
5 9 bfs rdul 5 303 138 5 3,296
5 10 bfs rdul 5 237 106 5 2,859
5 11 bfs rdul 5 203 92 5 2,550
5 12 bfs rdul 5 225 102 5 2,679
5 13 bfs rdul 5 252 117 5 2,911
5 14 bfs rdul 5 186 85 5 2,484
5 15 bfs rdul 5 363 172 5 3,673
5 16 bfs rdul 5 167 72 5 2,435
5 17 bfs rdul 5 233 104 5 2,945
5 18 bfs rdul 5 281 132 5 3,044
5 19 bfs rdul 5 215 100 5 2,712
5 20 bfs rdul 5 403 188 5 3,860
5 21 bfs rdul 5 274 129 5 3,505
5 22 bfs rdul 5 216 97 5 2,805
5 23 bfs rdul 5 167 72 5 2,441
5 24 bfs rdul 5 313 146 5 3,577
5 25 bfs rdul 5 312 149 5 3,307
5 26 bfs rdul 5 142 61 5 2,443
5 27 bfs rdul 5 177 80 5 2,512
5 28 bfs rdul 5 208 95 5 2,585
5 29 bfs rdul 5 230 105 5 2,741
5 30 bfs rdul 5 257 120 5 2,839
5 31 bfs rdul 5 191 88 5 2,668
5 32 bfs rdul 5 368 175 5 4,557
5 33 bfs rdul 5 172 75 5 5,506
5 34 bfs rdul 5 238 107 5 2,859
5 35 bfs rdul 5 286 135 5 3,882
5 36 bfs rdul 5 220 103 5 2,782
5 37 bfs rdul 5 408 191 5 4,050
5 38 bfs rdul 5 279 132 5 3,014
5 39 bfs rdul 5 221 100 5 2,837
5 40 bfs rdul 5 172 75 5 2,476
5 41 bfs rdul 5 318 149 5 3,464
5 42 bfs rdul 5 142 61 5 2,269
5 43 bfs rdul 5 232 111 5 2,811
5 44 bfs rdul 5 191 86 5 2,832
5 45 bfs rdul 5 301 142 5 3,459
5 46 bfs rdul 5 235 110 5 2,819
5 47 bfs rdul 5 423 198 5 4,074
5 48 bfs rdul 5 294 139 5 3,110
5 49 bfs rdul 5 236 107 5 3,051
5 50 bfs rdul 5 316 147 5 3,278
5 51 bfs rdul 5 341 158 5 3,661
5 52 bfs rdul 5 275 126 5 3,178
5 53 bfs rdul 5 323 154 5 4,962
5 54 bfs rdul 5 434 205 5 4,307
6 1 bfs rdul 6 297 136 6 3,030
6 2 bfs rdul 6 835 386 6 9,001
6 3 bfs rdul 6 612 285 6 5,846
6 4 bfs rdul 6 672 321 6 6,645
6 5 bfs rdul 6 737 345 6 7,881
6 6 bfs rdul 6 314 143 6 3,043
6 7 bfs rdul 6 852 393 6 9,624
6 8 bfs rdul 6 515 244 6 8,382
6 9 bfs rdul 6 363 168 6 3,437
6 10 bfs rdul 6 666 314 6 6,218
6 11 bfs rdul 6 460 217 6 4,109
6 12 bfs rdul 6 666 314 6 6,898
6 13 bfs rdul 6 508 237 6 5,024
6 14 bfs rdul 6 912 425 6 10,236
6 15 bfs rdul 6 591 282 6 6,278
6 16 bfs rdul 6 703 324 6 6,855
6 17 bfs rdul 6 421 196 6 4,456
6 18 bfs rdul 6 553 262 6 5,723
6 19 bfs rdul 6 439 204 6 4,394
6 20 bfs rdul 6 384 177 6 4,109
6 21 bfs rdul 6 439 204 6 4,437
6 22 bfs rdul 6 477 226 6 4,788
6 23 bfs rdul 6 323 148 6 3,076
6 24 bfs rdul 6 861 398 6 8,883
6 25 bfs rdul 6 524 249 6 5,570
6 26 bfs rdul 6 372 173 6 3,434
6 27 bfs rdul 6 675 319 6 6,400
6 28 bfs rdul 6 469 222 6 4,176
6 29 bfs rdul 6 675 319 6 6,947
6 30 bfs rdul 6 517 242 6 5,164
6 31 bfs rdul 6 921 430 6 10,419
6 32 bfs rdul 6 600 287 6 6,286
6 33 bfs rdul 6 411 192 6 3,831
6 34 bfs rdul 6 539 250 6 5,316
6 35 bfs rdul 6 314 143 6 3,576
6 36 bfs rdul 6 401 188 6 3,656
6 37 bfs rdul 6 700 334 6 19,355
6 38 bfs rdul 6 498 237 6 4,592
6 39 bfs rdul 6 704 334 6 7,328
6 40 bfs rdul 6 586 276 6 5,597
6 41 bfs rdul 6 718 342 6 7,060
6 42 bfs rdul 6 786 366 6 9,683
6 43 bfs rdul 6 553 266 6 5,305
6 44 bfs rdul 6 937 435 6 9,648
6 45 bfs rdul 6 720 341 6 7,472
6 46 bfs rdul 6 620 289 6 6,325
6 47 bfs rdul 6 625 292 6 6,432
6 48 bfs rdul 6 553 266 6 5,589
6 49 bfs rdul 6 744 347 6 7,273
6 50 bfs rdul 6 466 219 6 4,525
6 51 bfs rdul 6 873 407 6 9,561
6 52 bfs rdul 6 595 278 6 6,106
6 53 bfs rdul 6 379 178 6 3,744
6 54 bfs rdul 6 483 226 6 4,775
6 55 bfs rdul 6 328 151 6 3,306
6 56 bfs rdul 6 866 401 6 8,920
6 57 bfs rdul 6 529 252 6 5,104
6 58 bfs rdul 6 377 176 6 3,606
6 59 bfs rdul 6 680 322 6 6,465
6 60 bfs rdul 6 474 225 6 4,405
6 61 bfs rdul 6 680 322 6 7,009
6 62 bfs rdul 6 522 245 6 5,281
6 63 bfs rdul 6 926 433 6 10,478
6 64 bfs rdul 6 605 290 6 6,342
6 65 bfs rdul 6 416 195 6 6,705
6 66 bfs rdul 6 544 253 6 5,523
6 67 bfs rdul 6 319 146 6 3,526
6 68 bfs rdul 6 406 191 6 3,712
6 69 bfs rdul 6 705 337 6 6,751
6 70 bfs rdul 6 503 240 6 4,608
6 71 bfs rdul 6 709 337 6 7,432
6 72 bfs rdul 6 591 279 6 5,663
6 73 bfs rdul 6 723 345 6 7,341
6 74 bfs rdul 6 791 369 6 8,409
6 75 bfs rdul 6 558 269 6 5,213
6 76 bfs rdul 6 942 438 6 9,936
6 77 bfs rdul 6 725 344 6 7,662
6 78 bfs rdul 6 625 292 6 6,349
6 79 bfs rdul 6 630 295 6 6,421
6 80 bfs rdul 6 558 269 6 5,928
6 81 bfs rdul 6 386 181 6 6,139
6 82 bfs rdul 6 467 220 6 4,342
6 83 bfs rdul 6 490 229 6 4,618
6 84 bfs rdul 6 698 327 6 8,292
6 85 bfs rdul 6 393 184 6 4,002
6 86 bfs rdul 6 421 198 6 3,862
6 87 bfs rdul 6 720 344 6 6,923
6 88 bfs rdul 6 518 247 6 4,686
6 89 bfs rdul 6 724 344 6 7,673
6 90 bfs rdul 6 606 286 6 5,820
6 91 bfs rdul 6 738 352 6 7,670
6 92 bfs rdul 6 806 376 6 13,735
6 93 bfs rdul 6 573 276 6 8,057
6 94 bfs rdul 6 957 445 6 10,218
6 95 bfs rdul 6 740 351 6 9,307
6 96 bfs rdul 6 548 256 6 5,087
6 97 bfs rdul 6 574 265 6 5,359
6 98 bfs rdul 6 634 301 6 6,798
6 99 bfs rdul 6 477 224 6 6,039
6 100 bfs rdul 6 422 197 6 4,393
6 101 bfs rdul 6 477 224 6 4,750
6 102 bfs rdul 6 515 246 6 5,232
6 103 bfs rdul 6 602 291 6 5,581
6 104 bfs rdul 6 983 460 6 10,745
6 105 bfs rdul 6 786 365 6 9,720
6 106 bfs rdul 6 988 463 6 11,465
6 107 bfs rdul 6 671 320 6 7,061
7 1 bfs rdul 7 1523 721 7 21,047
7 2 bfs rdul 7 1147 540 7 13,297
7 3 bfs rdul 7 1999 943 7 35,038
7 4 bfs rdul 7 1789 840 7 31,146
7 5 bfs rdul 7 1210 575 7 13,886
7 6 bfs rdul 7 927 439 7 9,799
7 7 bfs rdul 7 1740 819 7 28,793
7 8 bfs rdul 7 831 402 7 8,771
7 9 bfs rdul 7 1114 538 7 14,045
7 10 bfs rdul 7 1288 603 7 17,282
7 11 bfs rdul 7 1379 660 7 20,369
7 12 bfs rdul 7 1103 528 7 21,244
7 13 bfs rdul 7 1540 728 7 21,677
7 14 bfs rdul 7 1164 547 7 13,587
7 15 bfs rdul 7 2016 950 7 38,848
7 16 bfs rdul 7 1806 847 7 30,425
7 17 bfs rdul 7 1169 550 7 14,982
7 18 bfs rdul 7 957 461 7 11,342
7 19 bfs rdul 7 1589 753 7 22,295
7 20 bfs rdul 7 1155 554 7 13,533
7 21 bfs rdul 7 1699 801 7 26,961
7 22 bfs rdul 7 1523 721 7 19,789
7 23 bfs rdul 7 2069 975 7 37,482
7 24 bfs rdul 7 1155 554 7 14,872
7 25 bfs rdul 7 1376 648 7 18,001
7 26 bfs rdul 7 1075 516 7 13,841
7 27 bfs rdul 7 1496 705 7 21,635
7 28 bfs rdul 7 1554 740 7 24,447
7 29 bfs rdul 7 1278 608 7 17,750
7 30 bfs rdul 7 831 402 7 9,828
7 31 bfs rdul 7 1472 701 7 26,176
7 32 bfs rdul 7 1291 610 7 15,435
7 33 bfs rdul 7 1018 478 7 11,321
7 34 bfs rdul 7 1873 885 7 30,524
7 35 bfs rdul 7 1289 607 7 27,967
7 36 bfs rdul 7 999 479 7 12,245
7 37 bfs rdul 7 793 382 7 9,958
7 38 bfs rdul 7 1434 681 7 21,083
7 39 bfs rdul 7 679 324 7 6,514
7 40 bfs rdul 7 1097 510 7 16,815
7 41 bfs rdul 7 881 421 7 10,968
7 42 bfs rdul 7 1473 688 7 22,338
7 43 bfs rdul 7 679 324 7 7,073
7 44 bfs rdul 7 815 389 7 8,845
7 45 bfs rdul 7 1549 733 7 22,083
7 46 bfs rdul 7 1173 552 7 16,093
7 47 bfs rdul 7 2025 955 7 35,094
7 48 bfs rdul 7 1815 852 7 30,603
7 49 bfs rdul 7 1175 555 7 14,657
7 50 bfs rdul 7 966 466 7 12,343
7 51 bfs rdul 7 1598 758 7 31,026
7 52 bfs rdul 7 1164 559 7 13,946
7 53 bfs rdul 7 1708 806 7 26,447
7 54 bfs rdul 7 1532 726 7 20,115
7 55 bfs rdul 7 2078 980 7 38,656
7 56 bfs rdul 7 1164 559 7 15,359
7 57 bfs rdul 7 1385 653 7 18,158
7 58 bfs rdul 7 1084 521 7 13,776
7 59 bfs rdul 7 1505 710 7 21,992
7 60 bfs rdul 7 1563 745 7 25,497
7 61 bfs rdul 7 1287 613 7 17,969
7 62 bfs rdul 7 840 407 7 11,551
7 63 bfs rdul 7 1481 706 7 22,449
7 64 bfs rdul 7 830 394 7 8,185
7 65 bfs rdul 7 1653 778 7 25,786
7 66 bfs rdul 7 1093 508 7 13,162
7 67 bfs rdul 7 1008 482 7 13,118
7 68 bfs rdul 7 815 387 7 18,719
7 69 bfs rdul 7 1627 773 7 44,692
7 70 bfs rdul 7 1189 574 7 14,252
7 71 bfs rdul 7 1733 821 7 27,572
7 72 bfs rdul 7 1561 741 7 21,344
7 73 bfs rdul 7 2107 995 7 40,157
7 74 bfs rdul 7 1193 574 7 16,965
7 75 bfs rdul 7 1005 478 7 10,291
7 76 bfs rdul 7 1075 516 7 17,355
7 77 bfs rdul 7 877 423 7 9,852
7 78 bfs rdul 7 1160 559 7 15,041
7 79 bfs rdul 7 1337 624 7 18,148
7 80 bfs rdul 7 1428 681 7 20,132
7 81 bfs rdul 7 1152 549 7 15,300
7 82 bfs rdul 7 1613 767 7 21,348
7 83 bfs rdul 7 1423 672 7 19,088
7 84 bfs rdul 7 2099 989 7 51,985
7 85 bfs rdul 7 1891 889 7 32,639
7 86 bfs rdul 7 1543 725 7 23,694
7 87 bfs rdul 7 1601 760 7 25,812
7 88 bfs rdul 7 1477 696 7 19,889
7 89 bfs rdul 7 2023 952 7 35,757
7 90 bfs rdul 7 1384 652 7 18,499
7 91 bfs rdul 7 1179 550 7 15,027
7 92 bfs rdul 7 1274 611 7 18,639
7 93 bfs rdul 7 891 429 7 10,607
7 94 bfs rdul 7 1332 633 7 16,243
7 95 bfs rdul 7 1059 501 7 11,767
7 96 bfs rdul 7 1908 904 7 31,525
7 97 bfs rdul 7 1334 630 7 16,882
7 98 bfs rdul 7 1044 502 7 12,975
7 99 bfs rdul 7 1457 687 7 20,592
7 100 bfs rdul 7 1515 722 7 22,653
7 101 bfs rdul 7 1239 590 7 16,414
7 102 bfs rdul 7 1452 685 7 19,824
7 103 bfs rdul 7 1998 941 7 35,062
7 104 bfs rdul 7 619 298 7 5,772
7 105 bfs rdul 7 1037 484 7 11,512
7 106 bfs rdul 7 1247 589 7 15,720
7 107 bfs rdul 7 1037 484 7 15,549
7 108 bfs rdul 7 1554 736 7 22,528
7 109 bfs rdul 7 1178 555 7 13,797
7 110 bfs rdul 7 2030 958 7 34,979
7 111 bfs rdul 7 1820 855 7 30,662
7 112 bfs rdul 7 1180 558 7 14,467
7 113 bfs rdul 7 971 469 7 11,570
7 114 bfs rdul 7 1603 761 7 22,386
7 115 bfs rdul 7 1169 562 7 13,792
7 116 bfs rdul 7 1713 809 7 26,976
7 117 bfs rdul 7 1537 729 7 20,400
7 118 bfs rdul 7 2083 983 7 39,244
7 119 bfs rdul 7 1169 562 7 15,429
7 120 bfs rdul 7 1390 656 7 17,930
7 121 bfs rdul 7 1089 524 7 15,866
7 122 bfs rdul 7 1510 713 7 22,379
7 123 bfs rdul 7 1568 748 7 23,757
7 124 bfs rdul 7 1292 616 7 17,879
7 125 bfs rdul 7 845 410 7 9,695
7 126 bfs rdul 7 1486 709 7 22,813
7 127 bfs rdul 7 835 397 7 8,209
7 128 bfs rdul 7 1658 781 7 25,447
7 129 bfs rdul 7 1303 613 7 16,720
7 130 bfs rdul 7 1098 511 7 13,340
7 131 bfs rdul 7 1013 485 7 15,117
7 132 bfs rdul 7 820 390 7 9,334
7 133 bfs rdul 7 1632 776 7 23,640
7 134 bfs rdul 7 1194 577 7 14,259
7 135 bfs rdul 7 1738 824 7 27,240
7 136 bfs rdul 7 1566 744 7 21,172
7 137 bfs rdul 7 2112 998 7 39,854
7 138 bfs rdul 7 1198 577 7 16,502
7 139 bfs rdul 7 1010 481 7 10,405
7 140 bfs rdul 7 1080 519 7 12,230
7 141 bfs rdul 7 882 426 7 9,349
7 142 bfs rdul 7 1165 562 7 14,745
7 143 bfs rdul 7 1342 627 7 18,405
7 144 bfs rdul 7 1433 684 7 20,598
7 145 bfs rdul 7 1157 552 7 15,032
7 146 bfs rdul 7 1618 770 7 22,198
7 147 bfs rdul 7 1428 675 7 18,595
7 148 bfs rdul 7 2104 992 7 36,797
7 149 bfs rdul 7 1896 892 7 32,356
7 150 bfs rdul 7 1548 728 7 23,480
7 151 bfs rdul 7 1606 763 7 25,406
7 152 bfs rdul 7 1482 699 7 19,977
7 153 bfs rdul 7 2028 955 7 36,333
7 154 bfs rdul 7 1389 655 7 18,681
7 155 bfs rdul 7 1184 553 7 15,109
7 156 bfs rdul 7 1279 614 7 17,153
7 157 bfs rdul 7 896 432 7 10,193
7 158 bfs rdul 7 805 383 7 7,497
7 159 bfs rdul 7 1628 767 7 24,674
7 160 bfs rdul 7 886 422 7 8,569
7 161 bfs rdul 7 964 464 7 11,074
7 162 bfs rdul 7 1088 519 7 12,683
7 163 bfs rdul 7 805 383 7 8,012
7 164 bfs rdul 7 1628 767 7 25,411
7 165 bfs rdul 7 1249 585 7 16,627
7 166 bfs rdul 7 1347 646 7 18,718
7 167 bfs rdul 7 1064 510 7 13,551
7 168 bfs rdul 7 1427 668 7 19,969
7 169 bfs rdul 7 633 304 7 7,143
7 170 bfs rdul 7 1647 783 7 23,331
7 171 bfs rdul 7 1209 584 7 14,486
7 172 bfs rdul 7 1753 831 7 27,372
7 173 bfs rdul 7 1581 751 7 20,781
7 174 bfs rdul 7 2127 1005 7 40,227
7 175 bfs rdul 7 1213 584 7 16,497
7 176 bfs rdul 7 1025 488 7 10,787
7 177 bfs rdul 7 1095 526 7 12,670
7 178 bfs rdul 7 897 433 7 9,539
7 179 bfs rdul 7 1180 569 7 28,091
7 180 bfs rdul 7 1353 634 7 20,433
7 181 bfs rdul 7 1448 691 7 20,709
7 182 bfs rdul 7 1172 559 7 15,251
7 183 bfs rdul 7 1633 777 7 21,863
7 184 bfs rdul 7 1443 682 7 18,251
7 185 bfs rdul 7 2119 999 7 38,323
7 186 bfs rdul 7 1911 899 7 32,788
7 187 bfs rdul 7 1563 735 7 23,791
7 188 bfs rdul 7 1621 770 7 25,793
7 189 bfs rdul 7 967 458 7 10,133
7 190 bfs rdul 7 1037 496 7 11,781
7 191 bfs rdul 7 1172 555 7 13,380
7 192 bfs rdul 7 889 419 7 9,189
7 193 bfs rdul 7 1712 803 7 27,921
7 194 bfs rdul 7 793 382 7 8,576
7 195 bfs rdul 7 1076 518 7 13,350
7 196 bfs rdul 7 717 344 7 7,139
7 197 bfs rdul 7 1131 530 7 13,299
7 198 bfs rdul 7 919 441 7 10,774
7 199 bfs rdul 7 717 344 7 7,691
7 200 bfs rdul 7 853 409 7 10,220
7 201 bfs rdul 7 1662 792 7 28,447
7 202 bfs rdul 7 1469 697 7 18,993
7 203 bfs rdul 7 2145 1014 7 38,411
7 204 bfs rdul 7 1937 914 7 33,668
7 205 bfs rdul 7 1374 651 7 20,042
7 206 bfs rdul 7 1101 519 7 12,879
7 207 bfs rdul 7 1950 922 7 32,661
7 208 bfs rdul 7 1572 743 7 23,677
7 209 bfs rdul 7 1630 778 7 26,126
7 210 bfs rdul 7 1354 646 7 19,166
7 211 bfs rdul 7 911 440 7 10,638
7 212 bfs rdul 7 1552 739 7 23,823
