1 1 bfs uldr 1 11 4 1 2,181
1 2 bfs uldr 1 11 4 1 2,202
2 1 bfs uldr 2 31 13 2 3,928
2 2 bfs uldr 2 47 19 2 3,480
2 3 bfs uldr 2 42 16 2 2,538
2 4 bfs uldr 2 31 13 2 2,237
3 1 bfs uldr 3 55 23 3 2,457
3 2 bfs uldr 3 105 49 3 4,491
3 3 bfs uldr 3 96 44 3 2,639
3 4 bfs uldr 3 105 49 3 2,645
3 5 bfs uldr 3 56 24 3 2,504
3 6 bfs uldr 3 91 41 3 2,778
3 7 bfs uldr 3 100 46 3 2,732
3 8 bfs uldr 3 70 30 3 4,219
3 9 bfs uldr 3 85 39 3 4,459
3 10 bfs uldr 3 55 23 3 2,852
4 1 bfs uldr 4 175 79 4 3,048
4 2 bfs uldr 4 158 72 4 5,153
4 3 bfs uldr 4 223 107 4 5,101
4 4 bfs uldr 4 143 69 4 2,969
4 5 bfs uldr 4 149 67 4 2,905
4 6 bfs uldr 4 214 102 4 3,705
4 7 bfs uldr 4 143 65 4 4,168
4 8 bfs uldr 4 185 87 4 4,552
4 9 bfs uldr 4 175 79 4 7,411
4 10 bfs uldr 4 126 58 4 3,865
4 11 bfs uldr 4 168 76 4 3,870
4 12 bfs uldr 4 119 51 4 3,156
4 13 bfs uldr 4 144 64 4 3,988
4 14 bfs uldr 4 209 99 4 3,266
4 15 bfs uldr 4 138 62 4 2,950
4 16 bfs uldr 4 180 84 4 4,682
4 17 bfs uldr 4 170 76 4 3,159
4 18 bfs uldr 4 121 55 4 2,885
4 19 bfs uldr 4 168 76 4 3,338
4 20 bfs uldr 4 94 40 4 2,884
4 21 bfs uldr 4 165 77 4 2,943
4 22 bfs uldr 4 155 69 4 2,598
4 23 bfs uldr 4 181 89 4 5,134
4 24 bfs uldr 4 126 54 4 4,615
5 1 bfs uldr 5 377 177 5 6,812
5 2 bfs uldr 5 272 128 5 3,609
5 3 bfs uldr 5 360 170 5 4,189
5 4 bfs uldr 5 214 96 5 3,094
5 5 bfs uldr 5 311 145 5 3,328
5 6 bfs uldr 5 377 177 5 5,190
5 7 bfs uldr 5 303 145 5 6,392
5 8 bfs uldr 5 439 207 5 5,694
5 9 bfs uldr 5 279 131 5 4,891
5 10 bfs uldr 5 213 99 5 3,596
5 11 bfs uldr 5 351 165 5 4,266
5 12 bfs uldr 5 205 91 5 3,544
5 13 bfs uldr 5 302 140 5 4,334
5 14 bfs uldr 5 368 172 5 4,733
5 15 bfs uldr 5 294 140 5 6,621
5 16 bfs uldr 5 263 121 5 5,020
5 17 bfs uldr 5 241 111 5 5,746
5 18 bfs uldr 5 273 125 5 4,030
5 19 bfs uldr 5 339 157 5 4,036
5 20 bfs uldr 5 352 166 5 6,820
5 21 bfs uldr 5 280 128 5 4,953
5 22 bfs uldr 5 214 96 5 4,415
5 23 bfs uldr 5 263 121 5 4,791
5 24 bfs uldr 5 321 153 5 4,687
5 25 bfs uldr 5 394 184 5 4,971
5 26 bfs uldr 5 288 132 5 8,089
5 27 bfs uldr 5 363 171 5 6,379
5 28 bfs uldr 5 346 162 5 4,540
5 29 bfs uldr 5 200 88 5 3,528
5 30 bfs uldr 5 297 137 5 6,373
5 31 bfs uldr 5 363 169 5 5,083
5 32 bfs uldr 5 289 137 5 4,908
5 33 bfs uldr 5 258 118 5 3,665
5 34 bfs uldr 5 236 108 5 3,329
5 35 bfs uldr 5 268 122 5 3,587
5 36 bfs uldr 5 334 154 5 4,226
5 37 bfs uldr 5 347 163 5 4,564
5 38 bfs uldr 5 275 125 5 3,469
5 39 bfs uldr 5 209 93 5 5,015
5 40 bfs uldr 5 258 118 5 5,429
5 41 bfs uldr 5 316 150 5 4,375
5 42 bfs uldr 5 288 132 5 3,469
5 43 bfs uldr 5 474 222 5 6,674
5 44 bfs uldr 5 377 177 5 4,914
5 45 bfs uldr 5 253 115 5 3,179
5 46 bfs uldr 5 319 147 5 4,910
5 47 bfs uldr 5 332 156 5 4,119
5 48 bfs uldr 5 260 118 5 3,364
5 49 bfs uldr 5 194 86 5 3,048
5 50 bfs uldr 5 390 186 5 4,470
5 51 bfs uldr 5 317 151 5 3,993
5 52 bfs uldr 5 251 119 5 8,957
5 53 bfs uldr 5 231 103 5 3,078
5 54 bfs uldr 5 352 166 5 4,334
6 1 bfs uldr 6 617 297 6 6,743
6 2 bfs uldr 6 586 274 6 14,003
6 3 bfs uldr 6 910 424 6 15,322
6 4 bfs uldr 6 504 237 6 5,881
6 5 bfs uldr 6 530 246 6 6,836
6 6 bfs uldr 6 600 290 6 6,283
6 7 bfs uldr 6 569 267 6 6,432
6 8 bfs uldr 6 458 216 6 6,595
6 9 bfs uldr 6 551 265 6 7,841
6 10 bfs uldr 6 513 243 6 6,683
6 11 bfs uldr 6 458 216 6 4,879
6 12 bfs uldr 6 513 243 6 6,319
6 13 bfs uldr 6 670 320 6 21,310
6 14 bfs uldr 6 735 343 6 9,826
6 15 bfs uldr 6 457 215 6 5,573
6 16 bfs uldr 6 822 385 6 9,173
6 17 bfs uldr 6 754 361 6 18,985
6 18 bfs uldr 6 544 256 6 15,785
6 19 bfs uldr 6 698 333 6 12,970
6 20 bfs uldr 6 399 187 6 5,123
6 21 bfs uldr 6 702 333 6 9,046
6 22 bfs uldr 6 496 236 6 7,069
6 23 bfs uldr 6 591 285 6 10,694
6 24 bfs uldr 6 560 262 6 5,814
6 25 bfs uldr 6 449 211 6 7,658
6 26 bfs uldr 6 542 260 6 8,495
6 27 bfs uldr 6 504 238 6 6,471
6 28 bfs uldr 6 449 211 6 5,439
6 29 bfs uldr 6 504 238 6 5,737
6 30 bfs uldr 6 661 315 6 10,922
6 31 bfs uldr 6 726 338 6 12,412
6 32 bfs uldr 6 448 210 6 7,820
6 33 bfs uldr 6 764 365 6 9,280
6 34 bfs uldr 6 998 466 6 18,105
6 35 bfs uldr 6 361 167 6 4,300
6 36 bfs uldr 6 513 245 6 5,201
6 37 bfs uldr 6 475 223 6 4,887
6 38 bfs uldr 6 420 196 6 7,476
6 39 bfs uldr 6 475 223 6 8,819
6 40 bfs uldr 6 589 281 6 5,968
6 41 bfs uldr 6 584 275 6 5,999
6 42 bfs uldr 6 610 284 6 6,653
6 43 bfs uldr 6 361 167 6 3,915
6 44 bfs uldr 6 689 323 6 9,407
6 45 bfs uldr 6 664 313 6 7,994
6 46 bfs uldr 6 562 268 6 9,315
6 47 bfs uldr 6 879 410 6 11,373
6 48 bfs uldr 6 600 290 6 9,079
6 49 bfs uldr 6 777 362 6 11,056
6 50 bfs uldr 6 709 338 6 8,948
6 51 bfs uldr 6 826 382 6 11,846
6 52 bfs uldr 6 587 279 6 10,268
6 53 bfs uldr 6 782 373 6 11,506
6 54 bfs uldr 6 935 434 6 13,358
6 55 bfs uldr 6 586 282 6 10,736
6 56 bfs uldr 6 555 259 6 12,104
6 57 bfs uldr 6 444 208 6 7,371
6 58 bfs uldr 6 537 257 6 6,066
6 59 bfs uldr 6 499 235 6 5,161
6 60 bfs uldr 6 444 208 6 4,807
6 61 bfs uldr 6 499 235 6 5,321
6 62 bfs uldr 6 656 312 6 7,188
6 63 bfs uldr 6 721 335 6 8,315
6 64 bfs uldr 6 443 207 6 4,975
6 65 bfs uldr 6 759 362 6 8,150
6 66 bfs uldr 6 996 463 6 14,197
6 67 bfs uldr 6 356 164 6 4,696
6 68 bfs uldr 6 508 242 6 5,142
6 69 bfs uldr 6 470 220 6 5,030
6 70 bfs uldr 6 415 193 6 5,109
6 71 bfs uldr 6 470 220 6 5,493
6 72 bfs uldr 6 584 278 6 9,964
6 73 bfs uldr 6 579 272 6 6,161
6 74 bfs uldr 6 605 281 6 6,600
6 75 bfs uldr 6 356 164 6 5,522
6 76 bfs uldr 6 684 320 6 7,602
6 77 bfs uldr 6 659 310 6 8,902
6 78 bfs uldr 6 557 265 6 6,755
6 79 bfs uldr 6 874 407 6 11,672
6 80 bfs uldr 6 595 287 6 10,530
6 81 bfs uldr 6 789 376 6 10,808
6 82 bfs uldr 6 711 337 6 7,219
6 83 bfs uldr 6 1028 480 6 12,423
6 84 bfs uldr 6 652 302 6 7,055
6 85 bfs uldr 6 796 379 6 10,292
6 86 bfs uldr 6 493 235 6 5,115
6 87 bfs uldr 6 455 213 6 4,485
6 88 bfs uldr 6 400 186 6 4,060
6 89 bfs uldr 6 455 213 6 4,897
6 90 bfs uldr 6 569 271 6 13,008
6 91 bfs uldr 6 564 265 6 6,006
6 92 bfs uldr 6 590 274 6 10,379
6 93 bfs uldr 6 341 157 6 3,574
6 94 bfs uldr 6 669 313 6 6,496
6 95 bfs uldr 6 644 303 6 7,911
6 96 bfs uldr 6 627 301 6 8,753
6 97 bfs uldr 6 944 444 6 27,443
6 98 bfs uldr 6 622 295 6 11,085
6 99 bfs uldr 6 736 353 6 12,632
6 100 bfs uldr 6 437 207 6 6,854
6 101 bfs uldr 6 736 353 6 12,508
6 102 bfs uldr 6 534 256 6 7,145
6 103 bfs uldr 6 312 142 6 4,585
6 104 bfs uldr 6 640 298 6 8,423
6 105 bfs uldr 6 735 344 6 11,553
6 106 bfs uldr 6 784 364 6 10,162
6 107 bfs uldr 6 506 236 6 9,433
7 1 bfs uldr 7 955 460 7 12,085
7 2 bfs uldr 7 1338 642 7 30,706
7 3 bfs uldr 7 1345 634 7 21,484
7 4 bfs uldr 7 1140 532 7 16,493
7 5 bfs uldr 7 1276 607 7 19,950
7 6 bfs uldr 7 1552 739 7 25,932
7 7 bfs uldr 7 1286 602 7 30,628
7 8 bfs uldr 7 993 477 7 18,194
7 9 bfs uldr 7 923 439 7 29,651
7 10 bfs uldr 7 1878 887 7 42,524
7 11 bfs uldr 7 1128 536 7 16,605
7 12 bfs uldr 7 845 400 7 9,959
7 13 bfs uldr 7 938 453 7 9,890
7 14 bfs uldr 7 1321 635 7 16,975
7 15 bfs uldr 7 1328 627 7 19,069
7 16 bfs uldr 7 1123 525 7 17,142
7 17 bfs uldr 7 2067 974 7 43,702
7 18 bfs uldr 7 877 418 7 9,944
7 19 bfs uldr 7 889 428 7 10,954
7 20 bfs uldr 7 753 363 7 8,163
7 21 bfs uldr 7 1167 549 7 14,848
7 22 bfs uldr 7 955 460 7 10,648
7 23 bfs uldr 7 1541 724 7 25,190
7 24 bfs uldr 7 753 363 7 15,849
7 25 bfs uldr 7 1112 537 7 15,607
7 26 bfs uldr 7 829 401 7 10,561
7 27 bfs uldr 7 1689 797 7 26,396
7 28 bfs uldr 7 1323 629 7 19,355
7 29 bfs uldr 7 1050 497 7 19,821
7 30 bfs uldr 7 1035 498 7 20,045
7 31 bfs uldr 7 1325 626 7 27,846
7 32 bfs uldr 7 1188 568 7 18,674
7 33 bfs uldr 7 1464 700 7 28,387
7 34 bfs uldr 7 1577 745 7 26,899
7 35 bfs uldr 7 1196 578 7 17,022
7 36 bfs uldr 7 913 442 7 11,947
7 37 bfs uldr 7 1111 535 7 16,204
7 38 bfs uldr 7 1412 667 7 23,389
7 39 bfs uldr 7 1187 573 7 16,398
7 40 bfs uldr 7 1952 920 7 43,728
7 41 bfs uldr 7 1625 772 7 41,151
7 42 bfs uldr 7 1735 820 7 29,849
7 43 bfs uldr 7 1191 573 7 18,263
7 44 bfs uldr 7 1559 740 7 31,334
7 45 bfs uldr 7 929 448 7 10,830
7 46 bfs uldr 7 1312 630 7 17,535
7 47 bfs uldr 7 1319 622 7 20,864
7 48 bfs uldr 7 1114 520 7 31,550
7 49 bfs uldr 7 2061 971 7 55,878
7 50 bfs uldr 7 868 413 7 11,380
7 51 bfs uldr 7 880 423 7 10,634
7 52 bfs uldr 7 744 358 7 11,532
7 53 bfs uldr 7 1158 544 7 17,336
7 54 bfs uldr 7 946 455 7 12,544
7 55 bfs uldr 7 1532 719 7 32,058
7 56 bfs uldr 7 744 358 7 9,415
7 57 bfs uldr 7 1103 532 7 15,380
7 58 bfs uldr 7 820 396 7 11,242
7 59 bfs uldr 7 1680 792 7 31,606
7 60 bfs uldr 7 1314 624 7 19,631
7 61 bfs uldr 7 1041 492 7 13,868
7 62 bfs uldr 7 1026 493 7 15,791
7 63 bfs uldr 7 1316 621 7 20,615
7 64 bfs uldr 7 1645 784 7 40,989
7 65 bfs uldr 7 1213 574 7 20,611
7 66 bfs uldr 7 2160 1020 7 60,286
7 67 bfs uldr 7 1208 571 7 20,189
7 68 bfs uldr 7 1587 752 7 30,324
7 69 bfs uldr 7 851 408 7 9,683
7 70 bfs uldr 7 715 343 7 12,556
7 71 bfs uldr 7 1133 529 7 14,752
7 72 bfs uldr 7 917 440 7 11,894
7 73 bfs uldr 7 1503 704 7 23,583
7 74 bfs uldr 7 715 343 7 8,446
7 75 bfs uldr 7 1470 700 7 20,765
7 76 bfs uldr 7 829 401 7 9,891
7 77 bfs uldr 7 1073 515 7 13,746
7 78 bfs uldr 7 1003 477 7 14,042
7 79 bfs uldr 7 1948 921 7 51,677
7 80 bfs uldr 7 1208 574 7 20,436
7 81 bfs uldr 7 925 438 7 11,479
7 82 bfs uldr 7 862 411 7 8,956
7 83 bfs uldr 7 1055 506 7 12,263
7 84 bfs uldr 7 1448 683 7 19,445
7 85 bfs uldr 7 1240 581 7 17,409
7 86 bfs uldr 7 1697 800 7 80,328
7 87 bfs uldr 7 1521 720 7 29,239
7 88 bfs uldr 7 1004 485 7 11,551
7 89 bfs uldr 7 1587 749 7 25,097
7 90 bfs uldr 7 1833 864 7 31,255
7 91 bfs uldr 7 2041 964 7 38,732
7 92 bfs uldr 7 1467 696 7 23,059
7 93 bfs uldr 7 1660 791 7 32,646
7 94 bfs uldr 7 1143 545 7 18,412
7 95 bfs uldr 7 1419 677 7 28,153
7 96 bfs uldr 7 1536 722 7 37,474
7 97 bfs uldr 7 1151 555 7 21,085
7 98 bfs uldr 7 868 419 7 10,834
7 99 bfs uldr 7 1780 836 7 35,635
7 100 bfs uldr 7 1414 668 7 21,779
7 101 bfs uldr 7 1138 536 7 15,643
7 102 bfs uldr 7 1029 496 7 12,391
7 103 bfs uldr 7 1612 760 7 25,427
7 104 bfs uldr 7 1271 613 7 17,136
7 105 bfs uldr 7 2183 1031 7 44,700
7 106 bfs uldr 7 1889 888 7 38,950
7 107 bfs uldr 7 2097 988 7 42,456
7 108 bfs uldr 7 924 445 7 16,475
7 109 bfs uldr 7 1307 627 7 16,263
7 110 bfs uldr 7 1314 619 7 17,873
7 111 bfs uldr 7 1109 517 7 14,236
7 112 bfs uldr 7 2056 968 7 37,956
7 113 bfs uldr 7 863 410 7 10,297
7 114 bfs uldr 7 875 420 7 9,533
7 115 bfs uldr 7 739 355 7 7,659
7 116 bfs uldr 7 1153 541 7 13,591
7 117 bfs uldr 7 941 452 7 9,290
7 118 bfs uldr 7 1527 716 7 21,087
7 119 bfs uldr 7 739 355 7 7,787
7 120 bfs uldr 7 1098 529 7 12,589
7 121 bfs uldr 7 815 393 7 8,981
7 122 bfs uldr 7 1675 789 7 23,889
7 123 bfs uldr 7 1309 621 7 17,074
7 124 bfs uldr 7 1036 489 7 12,643
7 125 bfs uldr 7 1021 490 7 12,682
7 126 bfs uldr 7 1311 618 7 19,069
7 127 bfs uldr 7 1640 781 7 25,553
7 128 bfs uldr 7 1208 571 7 15,020
7 129 bfs uldr 7 1950 917 7 35,026
7 130 bfs uldr 7 2158 1017 7 47,470
7 131 bfs uldr 7 1206 568 7 16,722
7 132 bfs uldr 7 1582 749 7 31,783
7 133 bfs uldr 7 846 405 7 8,312
7 134 bfs uldr 7 710 340 7 7,109
7 135 bfs uldr 7 1128 526 7 14,047
7 136 bfs uldr 7 912 437 7 9,200
7 137 bfs uldr 7 1498 701 7 31,099
7 138 bfs uldr 7 710 340 7 11,339
7 139 bfs uldr 7 1465 697 7 23,008
7 140 bfs uldr 7 824 398 7 9,349
7 141 bfs uldr 7 1068 512 7 12,351
7 142 bfs uldr 7 998 474 7 14,716
7 143 bfs uldr 7 1943 918 7 37,620
7 144 bfs uldr 7 1203 571 7 17,182
7 145 bfs uldr 7 920 435 7 11,957
7 146 bfs uldr 7 857 408 7 8,804
7 147 bfs uldr 7 1050 503 7 11,601
7 148 bfs uldr 7 1443 680 7 18,451
7 149 bfs uldr 7 1235 578 7 15,988
7 150 bfs uldr 7 1692 797 7 32,287
7 151 bfs uldr 7 1516 717 7 28,459
7 152 bfs uldr 7 999 482 7 11,448
7 153 bfs uldr 7 1582 746 7 40,855
7 154 bfs uldr 7 1828 861 7 30,010
7 155 bfs uldr 7 1769 840 7 27,800
7 156 bfs uldr 7 1462 693 7 21,468
7 157 bfs uldr 7 1655 788 7 28,042
7 158 bfs uldr 7 1670 795 7 24,568
7 159 bfs uldr 7 1238 585 7 17,611
7 160 bfs uldr 7 1592 756 7 22,792
7 161 bfs uldr 7 948 457 7 10,103
7 162 bfs uldr 7 1394 663 7 18,049
7 163 bfs uldr 7 1670 795 7 27,406
7 164 bfs uldr 7 1404 658 7 20,286
7 165 bfs uldr 7 1990 939 7 34,364
7 166 bfs uldr 7 1240 588 7 16,274
7 167 bfs uldr 7 967 456 7 11,681
7 168 bfs uldr 7 1829 866 7 31,267
7 169 bfs uldr 7 1285 619 7 19,309
7 170 bfs uldr 7 831 398 7 9,198
7 171 bfs uldr 7 695 333 7 11,823
7 172 bfs uldr 7 1113 519 7 13,626
7 173 bfs uldr 7 897 430 7 9,898
7 174 bfs uldr 7 1483 694 7 21,140
7 175 bfs uldr 7 695 333 7 7,259
7 176 bfs uldr 7 1450 690 7 18,217
7 177 bfs uldr 7 809 391 7 8,371
7 178 bfs uldr 7 1053 505 7 12,287
7 179 bfs uldr 7 983 467 7 12,203
7 180 bfs uldr 7 1938 915 7 35,700
7 181 bfs uldr 7 1188 564 7 16,164
7 182 bfs uldr 7 905 428 7 11,096
7 183 bfs uldr 7 842 401 7 9,174
7 184 bfs uldr 7 1035 496 7 11,754
7 185 bfs uldr 7 1428 673 7 23,498
7 186 bfs uldr 7 1220 571 7 16,743
7 187 bfs uldr 7 1677 790 7 31,614
7 188 bfs uldr 7 1501 710 7 23,922
7 189 bfs uldr 7 1508 720 7 26,727
7 190 bfs uldr 7 867 421 7 9,584
7 191 bfs uldr 7 1310 627 7 16,835
7 192 bfs uldr 7 1586 759 7 23,623
7 193 bfs uldr 7 1320 622 7 19,239
7 194 bfs uldr 7 1111 535 7 22,169
7 195 bfs uldr 7 1041 497 7 15,499
7 196 bfs uldr 7 1225 593 7 15,919
7 197 bfs uldr 7 2137 1011 7 42,085
7 198 bfs uldr 7 1663 792 7 27,197
7 199 bfs uldr 7 1225 593 7 16,779
7 200 bfs uldr 7 1597 760 7 26,864
7 201 bfs uldr 7 813 386 7 8,704
7 202 bfs uldr 7 1006 481 7 11,776
7 203 bfs uldr 7 1399 658 7 17,791
7 204 bfs uldr 7 1194 556 7 15,175
7 205 bfs uldr 7 1101 527 7 18,159
7 206 bfs uldr 7 1377 659 7 18,629
7 207 bfs uldr 7 1494 704 7 21,454
7 208 bfs uldr 7 1738 818 7 28,727
7 209 bfs uldr 7 1372 650 7 20,714
7 210 bfs uldr 7 1099 518 7 14,405
7 211 bfs uldr 7 1073 515 7 13,728
7 212 bfs uldr 7 1374 647 7 26,409
