1 1 bfs lurd 1 11 4 1 1,941
1 2 bfs lurd 1 11 4 1 2,048
2 1 bfs lurd 2 31 13 2 1,955
2 2 bfs lurd 2 42 16 2 2,024
2 3 bfs lurd 2 47 19 2 1,986
2 4 bfs lurd 2 31 13 2 2,227
3 1 bfs lurd 3 55 23 3 3,307
3 2 bfs lurd 3 85 39 3 2,167
3 3 bfs lurd 3 100 46 3 2,195
3 4 bfs lurd 3 91 41 3 2,185
3 5 bfs lurd 3 70 30 3 2,134
3 6 bfs lurd 3 105 49 3 2,338
3 7 bfs lurd 3 96 44 3 2,312
3 8 bfs lurd 3 56 24 3 2,117
3 9 bfs lurd 3 105 49 3 2,223
3 10 bfs lurd 3 55 23 3 6,377
4 1 bfs lurd 4 126 54 4 2,998
4 2 bfs lurd 4 155 69 4 2,520
4 3 bfs lurd 4 165 77 4 2,831
4 4 bfs lurd 4 181 89 4 2,620
4 5 bfs lurd 4 170 76 4 2,469
4 6 bfs lurd 4 180 84 4 2,623
4 7 bfs lurd 4 121 55 4 2,230
4 8 bfs lurd 4 209 99 4 2,722
4 9 bfs lurd 4 144 64 4 2,325
4 10 bfs lurd 4 138 62 4 2,472
4 11 bfs lurd 4 168 76 4 2,782
4 12 bfs lurd 4 94 40 4 2,404
4 13 bfs lurd 4 175 79 4 2,672
4 14 bfs lurd 4 185 87 4 2,810
4 15 bfs lurd 4 126 58 4 2,304
4 16 bfs lurd 4 214 102 4 2,678
4 17 bfs lurd 4 149 67 4 4,674
4 18 bfs lurd 4 143 65 4 3,028
4 19 bfs lurd 4 168 76 4 2,918
4 20 bfs lurd 4 119 51 4 2,494
4 21 bfs lurd 4 223 107 4 2,910
4 22 bfs lurd 4 158 72 4 2,528
4 23 bfs lurd 4 143 69 4 2,506
4 24 bfs lurd 4 175 79 4 2,532
5 1 bfs lurd 5 231 103 5 2,784
5 2 bfs lurd 5 352 166 5 3,588
5 3 bfs lurd 5 260 118 5 2,764
5 4 bfs lurd 5 194 86 5 2,626
5 5 bfs lurd 5 319 147 5 3,357
5 6 bfs lurd 5 253 115 5 2,810
5 7 bfs lurd 5 332 156 5 3,487
5 8 bfs lurd 5 390 186 5 3,883
5 9 bfs lurd 5 251 119 5 2,899
5 10 bfs lurd 5 317 151 5 3,401
5 11 bfs lurd 5 275 125 5 2,902
5 12 bfs lurd 5 209 93 5 2,846
5 13 bfs lurd 5 334 154 5 3,457
5 14 bfs lurd 5 268 122 5 2,903
5 15 bfs lurd 5 347 163 5 3,441
5 16 bfs lurd 5 258 118 5 2,995
5 17 bfs lurd 5 316 150 5 4,213
5 18 bfs lurd 5 363 169 5 3,743
5 19 bfs lurd 5 297 137 5 3,197
5 20 bfs lurd 5 289 137 5 3,164
5 21 bfs lurd 5 346 162 5 3,604
5 22 bfs lurd 5 200 88 5 5,203
5 23 bfs lurd 5 258 118 5 3,456
5 24 bfs lurd 5 236 108 5 3,245
5 25 bfs lurd 5 474 222 5 5,080
5 26 bfs lurd 5 288 132 5 3,319
5 27 bfs lurd 5 377 177 5 4,069
5 28 bfs lurd 5 280 128 5 2,981
5 29 bfs lurd 5 214 96 5 3,532
5 30 bfs lurd 5 339 157 5 3,285
5 31 bfs lurd 5 273 125 5 2,913
5 32 bfs lurd 5 352 166 5 3,527
5 33 bfs lurd 5 263 121 5 3,003
5 34 bfs lurd 5 321 153 5 3,509
5 35 bfs lurd 5 368 172 5 3,615
5 36 bfs lurd 5 302 140 5 3,143
5 37 bfs lurd 5 294 140 5 3,128
5 38 bfs lurd 5 351 165 5 3,517
5 39 bfs lurd 5 205 91 5 2,612
5 40 bfs lurd 5 263 121 5 2,975
5 41 bfs lurd 5 241 111 5 2,961
5 42 bfs lurd 5 288 132 5 2,991
5 43 bfs lurd 5 394 184 5 3,733
5 44 bfs lurd 5 363 171 5 3,851
5 45 bfs lurd 5 377 177 5 3,669
5 46 bfs lurd 5 311 145 5 3,226
5 47 bfs lurd 5 303 145 5 3,430
5 48 bfs lurd 5 360 170 5 3,585
5 49 bfs lurd 5 214 96 5 2,649
5 50 bfs lurd 5 439 207 5 4,353
5 51 bfs lurd 5 213 99 5 3,772
5 52 bfs lurd 5 279 131 5 4,168
5 53 bfs lurd 5 377 177 5 4,399
5 54 bfs lurd 5 272 128 5 3,501
6 1 bfs lurd 6 312 142 6 3,112
6 2 bfs lurd 6 640 298 6 6,155
6 3 bfs lurd 6 735 344 6 7,422
6 4 bfs lurd 6 506 236 6 4,678
6 5 bfs lurd 6 784 364 6 8,352
6 6 bfs lurd 6 341 157 6 3,202
6 7 bfs lurd 6 669 313 6 6,612
6 8 bfs lurd 6 644 303 6 9,269
6 9 bfs lurd 6 400 186 6 4,436
6 10 bfs lurd 6 455 213 6 4,805
6 11 bfs lurd 6 493 235 6 4,913
6 12 bfs lurd 6 455 213 6 4,737
6 13 bfs lurd 6 569 271 6 5,847
6 14 bfs lurd 6 590 274 6 6,000
6 15 bfs lurd 6 564 265 6 5,661
6 16 bfs lurd 6 944 444 6 9,754
6 17 bfs lurd 6 627 301 6 6,096
6 18 bfs lurd 6 622 295 6 6,849
6 19 bfs lurd 6 736 353 6 8,140
6 20 bfs lurd 6 534 256 6 6,209
6 21 bfs lurd 6 736 353 6 8,257
6 22 bfs lurd 6 437 207 6 5,103
6 23 bfs lurd 6 356 164 6 4,258
6 24 bfs lurd 6 684 320 6 7,601
6 25 bfs lurd 6 659 310 6 7,492
6 26 bfs lurd 6 415 193 6 4,163
6 27 bfs lurd 6 470 220 6 4,456
6 28 bfs lurd 6 508 242 6 4,870
6 29 bfs lurd 6 470 220 6 4,629
6 30 bfs lurd 6 584 278 6 5,728
6 31 bfs lurd 6 605 281 6 5,945
6 32 bfs lurd 6 579 272 6 5,783
6 33 bfs lurd 6 557 265 6 5,134
6 34 bfs lurd 6 874 407 6 9,919
6 35 bfs lurd 6 595 287 6 6,279
6 36 bfs lurd 6 444 208 6 4,102
6 37 bfs lurd 6 499 235 6 4,363
6 38 bfs lurd 6 537 257 6 4,789
6 39 bfs lurd 6 499 235 6 4,912
6 40 bfs lurd 6 656 312 6 6,013
6 41 bfs lurd 6 443 207 6 4,191
6 42 bfs lurd 6 721 335 6 7,474
6 43 bfs lurd 6 586 282 6 5,310
6 44 bfs lurd 6 555 259 6 5,364
6 45 bfs lurd 6 444 208 6 4,698
6 46 bfs lurd 6 759 362 6 8,189
6 47 bfs lurd 6 996 463 6 11,745
6 48 bfs lurd 6 356 164 6 3,816
6 49 bfs lurd 6 1028 480 6 11,515
6 50 bfs lurd 6 711 337 6 9,418
6 51 bfs lurd 6 652 302 6 7,846
6 52 bfs lurd 6 789 376 6 9,332
6 53 bfs lurd 6 796 379 6 8,944
6 54 bfs lurd 6 935 434 6 10,720
6 55 bfs lurd 6 361 167 6 3,659
6 56 bfs lurd 6 689 323 6 7,254
6 57 bfs lurd 6 664 313 6 7,400
6 58 bfs lurd 6 420 196 6 4,115
6 59 bfs lurd 6 475 223 6 4,695
6 60 bfs lurd 6 513 245 6 5,044
6 61 bfs lurd 6 475 223 6 4,695
6 62 bfs lurd 6 589 281 6 6,044
6 63 bfs lurd 6 610 284 6 6,182
6 64 bfs lurd 6 584 275 6 5,955
6 65 bfs lurd 6 562 268 6 5,629
6 66 bfs lurd 6 879 410 6 10,581
6 67 bfs lurd 6 600 290 6 7,121
6 68 bfs lurd 6 449 211 6 4,380
6 69 bfs lurd 6 504 238 6 4,771
6 70 bfs lurd 6 542 260 6 5,091
6 71 bfs lurd 6 504 238 6 4,995
6 72 bfs lurd 6 661 315 6 6,213
6 73 bfs lurd 6 448 210 6 4,686
6 74 bfs lurd 6 726 338 6 7,623
6 75 bfs lurd 6 591 285 6 10,596
6 76 bfs lurd 6 560 262 6 6,503
6 77 bfs lurd 6 449 211 6 5,382
6 78 bfs lurd 6 764 365 6 8,836
6 79 bfs lurd 6 998 466 6 20,918
6 80 bfs lurd 6 361 167 6 4,019
6 81 bfs lurd 6 587 279 6 5,854
6 82 bfs lurd 6 709 338 6 6,938
6 83 bfs lurd 6 777 362 6 7,404
6 84 bfs lurd 6 826 382 6 8,621
6 85 bfs lurd 6 782 373 6 8,556
6 86 bfs lurd 6 458 216 6 4,310
6 87 bfs lurd 6 513 243 6 4,600
6 88 bfs lurd 6 551 265 6 4,999
6 89 bfs lurd 6 513 243 6 4,799
6 90 bfs lurd 6 670 320 6 6,184
6 91 bfs lurd 6 457 215 6 4,678
6 92 bfs lurd 6 735 343 6 7,582
6 93 bfs lurd 6 600 290 6 5,570
6 94 bfs lurd 6 569 267 6 5,502
6 95 bfs lurd 6 458 216 6 4,776
6 96 bfs lurd 6 754 361 6 7,444
6 97 bfs lurd 6 822 385 6 8,094
6 98 bfs lurd 6 544 256 6 6,111
6 99 bfs lurd 6 702 333 6 7,178
6 100 bfs lurd 6 496 236 6 5,245
6 101 bfs lurd 6 698 333 6 14,150
6 102 bfs lurd 6 399 187 6 5,473
6 103 bfs lurd 6 617 297 6 17,454
6 104 bfs lurd 6 586 274 6 5,750
6 105 bfs lurd 6 910 424 6 9,767
6 106 bfs lurd 6 530 246 6 5,547
6 107 bfs lurd 6 504 237 6 5,210
7 1 bfs lurd 7 813 386 7 8,315
7 2 bfs lurd 7 1006 481 7 10,717
7 3 bfs lurd 7 1194 556 7 13,881
7 4 bfs lurd 7 1399 658 7 19,259
7 5 bfs lurd 7 1377 659 7 17,121
7 6 bfs lurd 7 1101 527 7 12,793
7 7 bfs lurd 7 1494 704 7 22,791
7 8 bfs lurd 7 1073 515 7 14,618
7 9 bfs lurd 7 1374 647 7 21,758
7 10 bfs lurd 7 1738 818 7 27,165
7 11 bfs lurd 7 1099 518 7 14,979
7 12 bfs lurd 7 1372 650 7 21,779
7 13 bfs lurd 7 842 401 7 9,220
7 14 bfs lurd 7 1035 496 7 10,681
7 15 bfs lurd 7 1220 571 7 14,366
7 16 bfs lurd 7 1428 673 7 19,271
7 17 bfs lurd 7 1677 790 7 24,178
7 18 bfs lurd 7 1501 710 7 22,735
7 19 bfs lurd 7 897 430 7 9,202
7 20 bfs lurd 7 695 333 7 6,954
7 21 bfs lurd 7 1483 694 7 21,597
7 22 bfs lurd 7 831 398 7 9,306
7 23 bfs lurd 7 1113 519 7 15,170
7 24 bfs lurd 7 695 333 7 7,294
7 25 bfs lurd 7 1450 690 7 19,066
7 26 bfs lurd 7 809 391 7 8,989
7 27 bfs lurd 7 1938 915 7 31,720
7 28 bfs lurd 7 905 428 7 11,212
7 29 bfs lurd 7 1188 564 7 17,967
7 30 bfs lurd 7 1053 505 7 13,625
7 31 bfs lurd 7 983 467 7 12,796
7 32 bfs lurd 7 1586 759 7 23,033
7 33 bfs lurd 7 1310 627 7 22,352
7 34 bfs lurd 7 1320 622 7 16,910
7 35 bfs lurd 7 1508 720 7 20,773
7 36 bfs lurd 7 867 421 7 10,720
7 37 bfs lurd 7 1111 535 7 14,849
7 38 bfs lurd 7 1041 497 7 58,316
7 39 bfs lurd 7 1225 593 7 18,526
7 40 bfs lurd 7 1769 840 7 35,512
7 41 bfs lurd 7 1597 760 7 28,415
7 42 bfs lurd 7 2137 1011 7 48,156
7 43 bfs lurd 7 1225 593 7 17,266
7 44 bfs lurd 7 1663 792 7 27,697
7 45 bfs lurd 7 857 408 7 9,161
7 46 bfs lurd 7 1050 503 7 11,324
7 47 bfs lurd 7 1235 578 7 15,979
7 48 bfs lurd 7 1443 680 7 21,233
7 49 bfs lurd 7 1692 797 7 26,301
7 50 bfs lurd 7 1516 717 7 25,293
7 51 bfs lurd 7 912 437 7 13,304
7 52 bfs lurd 7 710 340 7 8,648
7 53 bfs lurd 7 1498 701 7 26,602
7 54 bfs lurd 7 846 405 7 10,551
7 55 bfs lurd 7 1128 526 7 18,845
7 56 bfs lurd 7 710 340 7 8,473
7 57 bfs lurd 7 1465 697 7 20,727
7 58 bfs lurd 7 824 398 7 9,638
7 59 bfs lurd 7 1943 918 7 34,315
7 60 bfs lurd 7 920 435 7 16,146
7 61 bfs lurd 7 1203 571 7 22,394
7 62 bfs lurd 7 1068 512 7 14,405
7 63 bfs lurd 7 998 474 7 14,144
7 64 bfs lurd 7 999 482 7 10,695
7 65 bfs lurd 7 1582 746 7 28,153
7 66 bfs lurd 7 1828 861 7 32,195
7 67 bfs lurd 7 1462 693 7 24,725
7 68 bfs lurd 7 1655 788 7 31,457
7 69 bfs lurd 7 941 452 7 11,287
7 70 bfs lurd 7 739 355 7 8,132
7 71 bfs lurd 7 1527 716 7 22,977
7 72 bfs lurd 7 875 420 7 9,357
7 73 bfs lurd 7 1153 541 7 16,901
7 74 bfs lurd 7 739 355 7 8,654
7 75 bfs lurd 7 1098 529 7 22,540
7 76 bfs lurd 7 815 393 7 11,981
7 77 bfs lurd 7 1021 490 7 20,272
7 78 bfs lurd 7 1311 618 7 30,026
7 79 bfs lurd 7 1675 789 7 40,392
7 80 bfs lurd 7 1036 489 7 45,973
7 81 bfs lurd 7 1309 621 7 31,887
7 82 bfs lurd 7 924 445 7 15,880
7 83 bfs lurd 7 1307 627 7 36,129
7 84 bfs lurd 7 1109 517 7 25,910
7 85 bfs lurd 7 1314 619 7 37,485
7 86 bfs lurd 7 2056 968 7 55,515
7 87 bfs lurd 7 863 410 7 15,475
7 88 bfs lurd 7 1640 781 7 72,500
7 89 bfs lurd 7 1208 571 7 33,167
7 90 bfs lurd 7 2158 1017 7 64,733
7 91 bfs lurd 7 1950 917 7 49,836
7 92 bfs lurd 7 1206 568 7 41,685
7 93 bfs lurd 7 1582 749 7 33,894
7 94 bfs lurd 7 1670 795 7 40,043
7 95 bfs lurd 7 1394 663 7 43,617
7 96 bfs lurd 7 1404 658 7 24,884
7 97 bfs lurd 7 1592 756 7 55,038
7 98 bfs lurd 7 948 457 7 14,032
7 99 bfs lurd 7 1990 939 7 63,103
7 100 bfs lurd 7 967 456 7 16,110
7 101 bfs lurd 7 1240 588 7 39,396
7 102 bfs lurd 7 1670 795 7 36,682
7 103 bfs lurd 7 1238 585 7 36,581
7 104 bfs lurd 7 1285 619 7 39,379
7 105 bfs lurd 7 1829 866 7 63,662
7 106 bfs lurd 7 2097 988 7 77,750
7 107 bfs lurd 7 1889 888 7 46,875
7 108 bfs lurd 7 862 411 7 19,893
7 109 bfs lurd 7 1055 506 7 20,249
7 110 bfs lurd 7 1240 581 7 23,285
7 111 bfs lurd 7 1448 683 7 26,947
7 112 bfs lurd 7 1697 800 7 31,344
7 113 bfs lurd 7 1521 720 7 25,092
7 114 bfs lurd 7 917 440 7 10,370
7 115 bfs lurd 7 715 343 7 7,025
7 116 bfs lurd 7 1503 704 7 19,943
7 117 bfs lurd 7 851 408 7 8,581
7 118 bfs lurd 7 1133 529 7 23,731
7 119 bfs lurd 7 715 343 7 7,730
7 120 bfs lurd 7 1470 700 7 19,475
7 121 bfs lurd 7 829 401 7 8,931
7 122 bfs lurd 7 1948 921 7 33,598
7 123 bfs lurd 7 925 438 7 17,573
7 124 bfs lurd 7 1208 574 7 15,807
7 125 bfs lurd 7 1073 515 7 13,882
7 126 bfs lurd 7 1003 477 7 14,436
7 127 bfs lurd 7 1004 485 7 11,914
7 128 bfs lurd 7 1587 749 7 53,912
7 129 bfs lurd 7 2041 964 7 59,440
7 130 bfs lurd 7 1833 864 7 40,555
7 131 bfs lurd 7 1467 696 7 25,025
7 132 bfs lurd 7 1660 791 7 30,736
7 133 bfs lurd 7 946 455 7 12,169
7 134 bfs lurd 7 744 358 7 7,168
7 135 bfs lurd 7 1532 719 7 21,372
7 136 bfs lurd 7 880 423 7 9,652
7 137 bfs lurd 7 1158 544 7 15,815
7 138 bfs lurd 7 744 358 7 8,452
7 139 bfs lurd 7 1103 532 7 13,235
7 140 bfs lurd 7 820 396 7 9,142
7 141 bfs lurd 7 1026 493 7 12,066
7 142 bfs lurd 7 1316 621 7 19,802
7 143 bfs lurd 7 1680 792 7 28,759
7 144 bfs lurd 7 1041 492 7 14,328
7 145 bfs lurd 7 1314 624 7 22,193
7 146 bfs lurd 7 929 448 7 11,803
7 147 bfs lurd 7 1312 630 7 24,420
7 148 bfs lurd 7 1114 520 7 15,632
7 149 bfs lurd 7 1319 622 7 28,107
7 150 bfs lurd 7 2061 971 7 47,115
7 151 bfs lurd 7 868 413 7 13,501
7 152 bfs lurd 7 1645 784 7 48,774
7 153 bfs lurd 7 1213 574 7 22,988
7 154 bfs lurd 7 2160 1020 7 45,715
7 155 bfs lurd 7 1952 920 7 40,087
7 156 bfs lurd 7 1208 571 7 21,807
7 157 bfs lurd 7 1587 752 7 26,395
7 158 bfs lurd 7 1029 496 7 12,146
7 159 bfs lurd 7 1612 760 7 25,430
7 160 bfs lurd 7 1151 555 7 13,157
7 161 bfs lurd 7 868 419 7 9,608
7 162 bfs lurd 7 1419 677 7 23,660
7 163 bfs lurd 7 1143 545 7 20,564
7 164 bfs lurd 7 1536 722 7 23,724
7 165 bfs lurd 7 1780 836 7 35,684
7 166 bfs lurd 7 1138 536 7 15,366
7 167 bfs lurd 7 1414 668 7 21,338
7 168 bfs lurd 7 2183 1031 7 43,021
7 169 bfs lurd 7 1271 613 7 17,372
7 170 bfs lurd 7 955 460 7 9,729
7 171 bfs lurd 7 753 363 7 7,474
7 172 bfs lurd 7 1541 724 7 22,632
7 173 bfs lurd 7 889 428 7 10,036
7 174 bfs lurd 7 1167 549 7 24,671
7 175 bfs lurd 7 753 363 7 12,896
7 176 bfs lurd 7 1112 537 7 16,388
7 177 bfs lurd 7 829 401 7 9,390
7 178 bfs lurd 7 1035 498 7 12,699
7 179 bfs lurd 7 1325 626 7 21,507
7 180 bfs lurd 7 1689 797 7 32,371
7 181 bfs lurd 7 1050 497 7 26,070
7 182 bfs lurd 7 1323 629 7 28,658
7 183 bfs lurd 7 938 453 7 11,288
7 184 bfs lurd 7 1321 635 7 17,670
7 185 bfs lurd 7 1123 525 7 14,569
7 186 bfs lurd 7 1328 627 7 23,176
7 187 bfs lurd 7 2067 974 7 43,292
7 188 bfs lurd 7 877 418 7 11,102
7 189 bfs lurd 7 1196 578 7 14,853
7 190 bfs lurd 7 913 442 7 11,418
7 191 bfs lurd 7 1464 700 7 20,648
7 192 bfs lurd 7 1188 568 7 20,491
7 193 bfs lurd 7 1577 745 7 29,381
7 194 bfs lurd 7 1111 535 7 15,841
7 195 bfs lurd 7 1412 667 7 22,649
7 196 bfs lurd 7 1191 573 7 25,030
7 197 bfs lurd 7 1735 820 7 28,318
7 198 bfs lurd 7 1559 740 7 25,080
7 199 bfs lurd 7 1187 573 7 15,607
7 200 bfs lurd 7 1625 772 7 26,732
7 201 bfs lurd 7 955 460 7 10,558
7 202 bfs lurd 7 1338 642 7 17,984
7 203 bfs lurd 7 1140 532 7 13,727
7 204 bfs lurd 7 1345 634 7 19,163
7 205 bfs lurd 7 1552 739 7 21,756
7 206 bfs lurd 7 1276 607 7 15,958
7 207 bfs lurd 7 1286 602 7 17,817
7 208 bfs lurd 7 1878 887 7 34,520
7 209 bfs lurd 7 845 400 7 10,995
7 210 bfs lurd 7 1128 536 7 16,551
7 211 bfs lurd 7 993 477 7 13,197
7 212 bfs lurd 7 923 439 7 14,196
