1 1 bfs ulrd 1 11 4 1 2,343
1 2 bfs ulrd 1 11 4 1 2,264
2 1 bfs ulrd 2 31 13 2 2,327
2 2 bfs ulrd 2 42 16 2 2,479
2 3 bfs ulrd 2 47 19 2 2,546
2 4 bfs ulrd 2 31 13 2 2,373
3 1 bfs ulrd 3 55 23 3 2,306
3 2 bfs ulrd 3 85 39 3 2,449
3 3 bfs ulrd 3 100 46 3 2,388
3 4 bfs ulrd 3 91 41 3 2,283
3 5 bfs ulrd 3 56 24 3 2,224
3 6 bfs ulrd 3 105 49 3 2,398
3 7 bfs ulrd 3 96 44 3 2,224
3 8 bfs ulrd 3 70 30 3 2,173
3 9 bfs ulrd 3 105 49 3 2,277
3 10 bfs ulrd 3 55 23 3 3,520
4 1 bfs ulrd 4 126 54 4 2,475
4 2 bfs ulrd 4 155 69 4 2,607
4 3 bfs ulrd 4 165 77 4 2,718
4 4 bfs ulrd 4 143 69 4 4,332
4 5 bfs ulrd 4 170 76 4 3,033
4 6 bfs ulrd 4 180 84 4 2,705
4 7 bfs ulrd 4 138 62 4 3,982
4 8 bfs ulrd 4 209 99 4 2,997
4 9 bfs ulrd 4 144 64 4 2,409
4 10 bfs ulrd 4 121 55 4 5,250
4 11 bfs ulrd 4 168 76 4 2,813
4 12 bfs ulrd 4 119 51 4 2,466
4 13 bfs ulrd 4 175 79 4 2,750
4 14 bfs ulrd 4 185 87 4 2,845
4 15 bfs ulrd 4 143 65 4 2,495
4 16 bfs ulrd 4 214 102 4 3,929
4 17 bfs ulrd 4 149 67 4 2,930
4 18 bfs ulrd 4 126 58 4 2,852
4 19 bfs ulrd 4 168 76 4 2,628
4 20 bfs ulrd 4 94 40 4 2,387
4 21 bfs ulrd 4 223 107 4 2,999
4 22 bfs ulrd 4 158 72 4 2,860
4 23 bfs ulrd 4 181 89 4 2,821
4 24 bfs ulrd 4 175 79 4 2,815
5 1 bfs ulrd 5 231 103 5 3,001
5 2 bfs ulrd 5 272 128 5 3,498
5 3 bfs ulrd 5 260 118 5 2,984
5 4 bfs ulrd 5 194 86 5 2,769
5 5 bfs ulrd 5 319 147 5 3,440
5 6 bfs ulrd 5 253 115 5 3,064
5 7 bfs ulrd 5 283 135 5 3,629
5 8 bfs ulrd 5 390 186 5 4,555
5 9 bfs ulrd 5 279 131 5 3,368
5 10 bfs ulrd 5 213 99 5 2,999
5 11 bfs ulrd 5 275 125 5 3,297
5 12 bfs ulrd 5 209 93 5 2,697
5 13 bfs ulrd 5 334 154 5 3,447
5 14 bfs ulrd 5 268 122 5 3,003
5 15 bfs ulrd 5 298 142 5 3,413
5 16 bfs ulrd 5 258 118 5 3,101
5 17 bfs ulrd 5 236 108 5 3,459
5 18 bfs ulrd 5 363 169 5 3,888
5 19 bfs ulrd 5 297 137 5 3,329
5 20 bfs ulrd 5 338 158 5 3,793
5 21 bfs ulrd 5 346 162 5 3,573
5 22 bfs ulrd 5 200 88 5 2,786
5 23 bfs ulrd 5 258 118 5 3,238
5 24 bfs ulrd 5 316 150 5 3,642
5 25 bfs ulrd 5 474 222 5 4,892
5 26 bfs ulrd 5 288 132 5 3,474
5 27 bfs ulrd 5 363 171 5 4,234
5 28 bfs ulrd 5 280 128 5 3,068
5 29 bfs ulrd 5 214 96 5 2,864
5 30 bfs ulrd 5 339 157 5 5,201
5 31 bfs ulrd 5 273 125 5 6,149
5 32 bfs ulrd 5 303 145 5 3,534
5 33 bfs ulrd 5 263 121 5 3,143
5 34 bfs ulrd 5 241 111 5 3,243
5 35 bfs ulrd 5 368 172 5 4,032
5 36 bfs ulrd 5 302 140 5 8,337
5 37 bfs ulrd 5 343 161 5 8,194
5 38 bfs ulrd 5 351 165 5 4,190
5 39 bfs ulrd 5 205 91 5 3,074
5 40 bfs ulrd 5 263 121 5 3,178
5 41 bfs ulrd 5 321 153 5 3,799
5 42 bfs ulrd 5 288 132 5 3,444
5 43 bfs ulrd 5 394 184 5 4,165
5 44 bfs ulrd 5 377 177 5 4,333
5 45 bfs ulrd 5 377 177 5 3,938
5 46 bfs ulrd 5 311 145 5 3,509
5 47 bfs ulrd 5 352 166 5 3,831
5 48 bfs ulrd 5 360 170 5 4,065
5 49 bfs ulrd 5 214 96 5 2,903
5 50 bfs ulrd 5 439 207 5 4,387
5 51 bfs ulrd 5 317 151 5 3,552
5 52 bfs ulrd 5 251 119 5 3,534
5 53 bfs ulrd 5 377 177 5 4,191
5 54 bfs ulrd 5 352 166 5 4,056
6 1 bfs ulrd 6 312 142 6 3,498
6 2 bfs ulrd 6 537 249 6 5,395
6 3 bfs ulrd 6 735 344 6 7,846
6 4 bfs ulrd 6 504 237 6 6,185
6 5 bfs ulrd 6 530 246 6 6,625
6 6 bfs ulrd 6 341 157 6 4,465
6 7 bfs ulrd 6 566 264 6 5,866
6 8 bfs ulrd 6 438 206 6 4,426
6 9 bfs ulrd 6 400 186 6 3,891
6 10 bfs ulrd 6 455 213 6 4,421
6 11 bfs ulrd 6 493 235 6 4,424
6 12 bfs ulrd 6 455 213 6 4,596
6 13 bfs ulrd 6 569 271 6 5,779
6 14 bfs ulrd 6 719 333 6 7,621
6 15 bfs ulrd 6 437 205 6 4,788
6 16 bfs ulrd 6 944 444 6 10,924
6 17 bfs ulrd 6 627 301 6 7,098
6 18 bfs ulrd 6 544 256 6 6,341
6 19 bfs ulrd 6 698 333 6 7,716
6 20 bfs ulrd 6 399 187 6 5,207
6 21 bfs ulrd 6 702 333 6 9,337
6 22 bfs ulrd 6 496 236 6 5,268
6 23 bfs ulrd 6 356 164 6 3,837
6 24 bfs ulrd 6 581 271 6 9,524
6 25 bfs ulrd 6 453 213 6 13,801
6 26 bfs ulrd 6 415 193 6 4,597
6 27 bfs ulrd 6 470 220 6 4,770
6 28 bfs ulrd 6 508 242 6 4,973
6 29 bfs ulrd 6 470 220 6 4,935
6 30 bfs ulrd 6 584 278 6 6,120
6 31 bfs ulrd 6 730 340 6 7,682
6 32 bfs ulrd 6 452 212 6 4,519
6 33 bfs ulrd 6 557 265 6 5,230
6 34 bfs ulrd 6 891 414 6 10,202
6 35 bfs ulrd 6 356 164 6 4,116
6 36 bfs ulrd 6 444 208 6 4,528
6 37 bfs ulrd 6 499 235 6 5,121
6 38 bfs ulrd 6 537 257 6 9,187
6 39 bfs ulrd 6 499 235 6 5,294
6 40 bfs ulrd 6 656 312 6 6,941
6 41 bfs ulrd 6 570 267 6 5,974
6 42 bfs ulrd 6 596 276 6 6,978
6 43 bfs ulrd 6 586 282 6 5,882
6 44 bfs ulrd 6 658 308 6 6,867
6 45 bfs ulrd 6 653 305 6 7,546
6 46 bfs ulrd 6 759 362 6 11,932
6 47 bfs ulrd 6 979 456 6 20,370
6 48 bfs ulrd 6 595 287 6 8,152
6 49 bfs ulrd 6 1028 480 6 14,577
6 50 bfs ulrd 6 711 337 6 8,335
6 51 bfs ulrd 6 826 382 6 9,166
6 52 bfs ulrd 6 789 376 6 9,434
6 53 bfs ulrd 6 782 373 6 8,949
6 54 bfs ulrd 6 921 428 6 11,735
6 55 bfs ulrd 6 361 167 6 3,851
6 56 bfs ulrd 6 586 274 6 6,076
6 57 bfs ulrd 6 458 216 6 4,931
6 58 bfs ulrd 6 420 196 6 4,282
6 59 bfs ulrd 6 475 223 6 4,875
6 60 bfs ulrd 6 513 245 6 4,930
6 61 bfs ulrd 6 475 223 6 6,241
6 62 bfs ulrd 6 589 281 6 6,235
6 63 bfs ulrd 6 735 343 6 13,413
6 64 bfs ulrd 6 457 215 6 5,491
6 65 bfs ulrd 6 562 268 6 5,518
6 66 bfs ulrd 6 896 417 6 29,612
6 67 bfs ulrd 6 361 167 6 7,892
6 68 bfs ulrd 6 449 211 6 5,637
6 69 bfs ulrd 6 504 238 6 5,565
6 70 bfs ulrd 6 542 260 6 12,863
6 71 bfs ulrd 6 504 238 6 5,230
6 72 bfs ulrd 6 661 315 6 6,900
6 73 bfs ulrd 6 575 270 6 9,420
6 74 bfs ulrd 6 601 279 6 6,786
6 75 bfs ulrd 6 591 285 6 7,937
6 76 bfs ulrd 6 663 311 6 10,440
6 77 bfs ulrd 6 658 308 6 7,563
6 78 bfs ulrd 6 764 365 6 10,900
6 79 bfs ulrd 6 981 459 6 13,212
6 80 bfs ulrd 6 600 290 6 6,633
6 81 bfs ulrd 6 587 279 6 5,650
6 82 bfs ulrd 6 709 338 6 7,216
6 83 bfs ulrd 6 777 362 6 8,340
6 84 bfs ulrd 6 652 302 6 6,944
6 85 bfs ulrd 6 796 379 6 9,206
6 86 bfs ulrd 6 458 216 6 4,364
6 87 bfs ulrd 6 513 243 6 5,075
6 88 bfs ulrd 6 551 265 6 5,139
6 89 bfs ulrd 6 513 243 6 5,433
6 90 bfs ulrd 6 670 320 6 6,683
6 91 bfs ulrd 6 584 275 6 5,970
6 92 bfs ulrd 6 610 284 6 6,464
6 93 bfs ulrd 6 600 290 6 5,886
6 94 bfs ulrd 6 672 316 6 6,582
6 95 bfs ulrd 6 664 313 6 7,428
6 96 bfs ulrd 6 754 361 6 8,056
6 97 bfs ulrd 6 822 385 6 9,090
6 98 bfs ulrd 6 622 295 6 6,581
6 99 bfs ulrd 6 736 353 6 8,161
6 100 bfs ulrd 6 437 207 6 5,285
6 101 bfs ulrd 6 736 353 6 8,297
6 102 bfs ulrd 6 534 256 6 6,064
6 103 bfs ulrd 6 617 297 6 6,211
6 104 bfs ulrd 6 689 323 6 7,273
6 105 bfs ulrd 6 910 424 6 12,864
6 106 bfs ulrd 6 784 364 6 8,702
6 107 bfs ulrd 6 506 236 6 5,504
7 1 bfs ulrd 7 813 386 7 9,663
7 2 bfs ulrd 7 1006 481 7 35,892
7 3 bfs ulrd 7 1301 612 7 21,079
7 4 bfs ulrd 7 1091 507 7 14,438
7 5 bfs ulrd 7 1377 659 7 17,757
7 6 bfs ulrd 7 1101 527 7 12,213
7 7 bfs ulrd 7 1286 602 7 17,490
7 8 bfs ulrd 7 993 477 7 11,766
7 9 bfs ulrd 7 923 439 7 11,207
7 10 bfs ulrd 7 1668 784 7 26,930
7 11 bfs ulrd 7 1128 536 7 14,727
7 12 bfs ulrd 7 845 400 7 9,906
7 13 bfs ulrd 7 842 401 7 9,075
7 14 bfs ulrd 7 1035 496 7 16,409
7 15 bfs ulrd 7 1325 624 7 17,608
7 16 bfs ulrd 7 1120 522 7 15,361
7 17 bfs ulrd 7 1677 790 7 42,007
7 18 bfs ulrd 7 857 408 7 11,696
7 19 bfs ulrd 7 897 430 7 11,042
7 20 bfs ulrd 7 695 333 7 9,647
7 21 bfs ulrd 7 1109 519 7 20,392
7 22 bfs ulrd 7 831 398 7 9,358
7 23 bfs ulrd 7 1489 697 7 27,393
7 24 bfs ulrd 7 695 333 7 14,188
7 25 bfs ulrd 7 1450 690 7 26,899
7 26 bfs ulrd 7 809 391 7 10,806
7 27 bfs ulrd 7 1889 894 7 49,376
7 28 bfs ulrd 7 1307 619 7 23,270
7 29 bfs ulrd 7 1034 487 7 16,349
7 30 bfs ulrd 7 1015 488 7 15,781
7 31 bfs ulrd 7 1305 616 7 22,396
7 32 bfs ulrd 7 1586 759 7 30,244
7 33 bfs ulrd 7 1310 627 7 20,983
7 34 bfs ulrd 7 1528 724 7 37,837
7 35 bfs ulrd 7 1508 720 7 26,854
7 36 bfs ulrd 7 867 421 7 18,646
7 37 bfs ulrd 7 1111 535 7 22,396
7 38 bfs ulrd 7 1412 667 7 26,011
7 39 bfs ulrd 7 1187 573 7 23,966
7 40 bfs ulrd 7 1731 820 7 48,279
7 41 bfs ulrd 7 1625 772 7 45,536
7 42 bfs ulrd 7 2105 994 7 59,924
7 43 bfs ulrd 7 1191 573 7 19,878
7 44 bfs ulrd 7 1559 740 7 39,611
7 45 bfs ulrd 7 857 408 7 11,728
7 46 bfs ulrd 7 1050 503 7 18,417
7 47 bfs ulrd 7 1340 631 7 22,356
7 48 bfs ulrd 7 1135 529 7 19,688
7 49 bfs ulrd 7 1692 797 7 52,373
7 50 bfs ulrd 7 872 415 7 16,229
7 51 bfs ulrd 7 912 437 7 17,205
7 52 bfs ulrd 7 710 340 7 13,750
7 53 bfs ulrd 7 1124 526 7 19,747
7 54 bfs ulrd 7 846 405 7 34,580
7 55 bfs ulrd 7 1504 704 7 40,685
7 56 bfs ulrd 7 710 340 7 18,305
7 57 bfs ulrd 7 1465 697 7 32,151
7 58 bfs ulrd 7 824 398 7 11,954
7 59 bfs ulrd 7 1894 897 7 46,773
7 60 bfs ulrd 7 1318 626 7 38,947
7 61 bfs ulrd 7 1045 494 7 17,649
7 62 bfs ulrd 7 1030 495 7 23,327
7 63 bfs ulrd 7 1320 623 7 26,757
7 64 bfs ulrd 7 999 482 7 18,710
7 65 bfs ulrd 7 1208 571 7 29,063
7 66 bfs ulrd 7 1845 868 7 37,184
7 67 bfs ulrd 7 1203 568 7 18,421
7 68 bfs ulrd 7 1582 749 7 32,485
7 69 bfs ulrd 7 941 452 7 15,214
7 70 bfs ulrd 7 739 355 7 8,823
7 71 bfs ulrd 7 1153 541 7 15,758
7 72 bfs ulrd 7 875 420 7 9,517
7 73 bfs ulrd 7 1527 716 7 26,722
7 74 bfs ulrd 7 739 355 7 12,665
7 75 bfs ulrd 7 1098 529 7 13,415
7 76 bfs ulrd 7 815 393 7 9,173
7 77 bfs ulrd 7 1059 507 7 13,364
7 78 bfs ulrd 7 989 469 7 12,331
7 79 bfs ulrd 7 1724 810 7 28,705
7 80 bfs ulrd 7 1194 566 7 17,191
7 81 bfs ulrd 7 911 430 7 14,905
7 82 bfs ulrd 7 924 445 7 10,589
7 83 bfs ulrd 7 1307 627 7 22,839
7 84 bfs ulrd 7 1417 668 7 19,610
7 85 bfs ulrd 7 1209 566 7 16,737
7 86 bfs ulrd 7 2056 968 7 40,794
7 87 bfs ulrd 7 1510 712 7 29,666
7 88 bfs ulrd 7 1640 781 7 38,774
7 89 bfs ulrd 7 1582 746 7 27,762
7 90 bfs ulrd 7 2141 1010 7 41,868
7 91 bfs ulrd 7 1933 910 7 36,759
7 92 bfs ulrd 7 1465 693 7 26,594
7 93 bfs ulrd 7 1655 788 7 30,148
7 94 bfs ulrd 7 1670 795 7 27,407
7 95 bfs ulrd 7 1394 663 7 22,855
7 96 bfs ulrd 7 1612 760 7 28,381
7 97 bfs ulrd 7 1592 756 7 24,239
7 98 bfs ulrd 7 948 457 7 12,245
7 99 bfs ulrd 7 1990 939 7 36,605
7 100 bfs ulrd 7 1414 668 7 22,332
7 101 bfs ulrd 7 1138 536 7 15,362
7 102 bfs ulrd 7 1670 795 7 25,519
7 103 bfs ulrd 7 1612 760 7 26,019
7 104 bfs ulrd 7 1271 613 7 17,158
7 105 bfs ulrd 7 1815 860 7 37,791
7 106 bfs ulrd 7 2083 982 7 42,730
7 107 bfs ulrd 7 1875 882 7 39,338
7 108 bfs ulrd 7 862 411 7 9,765
7 109 bfs ulrd 7 1055 506 7 12,329
7 110 bfs ulrd 7 1345 634 7 17,426
7 111 bfs ulrd 7 1140 532 7 15,791
7 112 bfs ulrd 7 1697 800 7 26,063
7 113 bfs ulrd 7 877 418 7 10,664
7 114 bfs ulrd 7 917 440 7 10,288
7 115 bfs ulrd 7 715 343 7 7,414
7 116 bfs ulrd 7 1129 529 7 13,532
7 117 bfs ulrd 7 851 408 7 9,077
7 118 bfs ulrd 7 1509 707 7 22,153
7 119 bfs ulrd 7 715 343 7 7,921
7 120 bfs ulrd 7 1470 700 7 20,802
7 121 bfs ulrd 7 829 401 7 10,085
7 122 bfs ulrd 7 1899 900 7 32,506
7 123 bfs ulrd 7 1323 629 7 18,830
7 124 bfs ulrd 7 1050 497 7 14,019
7 125 bfs ulrd 7 1035 498 7 13,619
7 126 bfs ulrd 7 1325 626 7 20,416
7 127 bfs ulrd 7 1004 485 7 11,640
7 128 bfs ulrd 7 1213 574 7 19,022
7 129 bfs ulrd 7 2058 971 7 39,760
7 130 bfs ulrd 7 1850 871 7 35,386
7 131 bfs ulrd 7 1208 571 7 17,645
7 132 bfs ulrd 7 1587 752 7 43,592
7 133 bfs ulrd 7 946 455 7 18,404
7 134 bfs ulrd 7 744 358 7 8,685
7 135 bfs ulrd 7 1158 544 7 15,269
7 136 bfs ulrd 7 880 423 7 9,905
7 137 bfs ulrd 7 1532 719 7 23,875
7 138 bfs ulrd 7 744 358 7 8,517
7 139 bfs ulrd 7 1103 532 7 12,579
7 140 bfs ulrd 7 820 396 7 8,810
7 141 bfs ulrd 7 1064 510 7 12,589
7 142 bfs ulrd 7 994 472 7 11,966
7 143 bfs ulrd 7 1729 813 7 36,025
7 144 bfs ulrd 7 1199 569 7 16,960
7 145 bfs ulrd 7 916 433 7 11,717
7 146 bfs ulrd 7 929 448 7 10,080
7 147 bfs ulrd 7 1312 630 7 16,761
7 148 bfs ulrd 7 1422 671 7 20,131
7 149 bfs ulrd 7 1214 569 7 17,055
7 150 bfs ulrd 7 2061 971 7 102,134
7 151 bfs ulrd 7 1515 715 7 31,078
7 152 bfs ulrd 7 1645 784 7 28,168
7 153 bfs ulrd 7 1587 749 7 25,241
7 154 bfs ulrd 7 2143 1013 7 41,458
7 155 bfs ulrd 7 1935 913 7 45,817
7 156 bfs ulrd 7 1467 696 7 22,698
7 157 bfs ulrd 7 1660 791 7 29,290
7 158 bfs ulrd 7 1029 496 7 11,970
7 159 bfs ulrd 7 1238 585 7 18,990
7 160 bfs ulrd 7 1151 555 7 14,440
7 161 bfs ulrd 7 868 419 7 9,809
7 162 bfs ulrd 7 1419 677 7 19,496
7 163 bfs ulrd 7 1143 545 7 13,375
7 164 bfs ulrd 7 1328 620 7 18,472
7 165 bfs ulrd 7 1780 836 7 31,182
7 166 bfs ulrd 7 1240 588 7 17,429
7 167 bfs ulrd 7 967 456 7 12,443
7 168 bfs ulrd 7 2197 1037 7 45,748
7 169 bfs ulrd 7 1285 619 7 36,425
7 170 bfs ulrd 7 955 460 7 11,537
7 171 bfs ulrd 7 753 363 7 8,154
7 172 bfs ulrd 7 1167 549 7 15,372
7 173 bfs ulrd 7 889 428 7 9,931
7 174 bfs ulrd 7 1541 724 7 23,578
7 175 bfs ulrd 7 753 363 7 8,709
7 176 bfs ulrd 7 1112 537 7 13,486
7 177 bfs ulrd 7 829 401 7 9,564
7 178 bfs ulrd 7 1073 515 7 13,663
7 179 bfs ulrd 7 1003 477 7 13,066
7 180 bfs ulrd 7 1738 818 7 30,538
7 181 bfs ulrd 7 1208 574 7 17,753
7 182 bfs ulrd 7 925 438 7 11,422
7 183 bfs ulrd 7 938 453 7 9,831
7 184 bfs ulrd 7 1321 635 7 17,823
7 185 bfs ulrd 7 1431 676 7 25,668
7 186 bfs ulrd 7 1223 574 7 21,272
7 187 bfs ulrd 7 2067 974 7 40,977
7 188 bfs ulrd 7 1521 720 7 29,774
7 189 bfs ulrd 7 1196 578 7 14,944
7 190 bfs ulrd 7 913 442 7 10,792
7 191 bfs ulrd 7 1464 700 7 19,895
7 192 bfs ulrd 7 1188 568 7 14,512
7 193 bfs ulrd 7 1369 643 7 20,446
7 194 bfs ulrd 7 1111 535 7 14,135
7 195 bfs ulrd 7 1041 497 7 13,948
7 196 bfs ulrd 7 1225 593 7 17,222
7 197 bfs ulrd 7 1769 840 7 30,947
7 198 bfs ulrd 7 1663 792 7 30,697
7 199 bfs ulrd 7 1225 593 7 19,005
7 200 bfs ulrd 7 1597 760 7 28,216
7 201 bfs ulrd 7 955 460 7 11,156
7 202 bfs ulrd 7 1338 642 7 16,843
7 203 bfs ulrd 7 1448 683 7 19,470
7 204 bfs ulrd 7 1240 581 7 24,705
7 205 bfs ulrd 7 1552 739 7 21,676
7 206 bfs ulrd 7 1276 607 7 17,958
7 207 bfs ulrd 7 1494 704 7 23,415
7 208 bfs ulrd 7 1948 921 7 37,619
7 209 bfs ulrd 7 1372 650 7 21,720
7 210 bfs ulrd 7 1099 518 7 15,749
7 211 bfs ulrd 7 1073 515 7 16,012
7 212 bfs ulrd 7 1374 647 7 21,741
