1 1 bfs ludr 1 11 4 1 1,935
1 2 bfs ludr 1 11 4 1 1,954
2 1 bfs ludr 2 31 13 2 1,940
2 2 bfs ludr 2 47 19 2 1,990
2 3 bfs ludr 2 42 16 2 5,384
2 4 bfs ludr 2 31 13 2 2,013
3 1 bfs ludr 3 55 23 3 2,272
3 2 bfs ludr 3 105 49 3 2,298
3 3 bfs ludr 3 96 44 3 2,191
3 4 bfs ludr 3 105 49 3 2,280
3 5 bfs ludr 3 70 30 3 2,067
3 6 bfs ludr 3 91 41 3 2,147
3 7 bfs ludr 3 100 46 3 2,299
3 8 bfs ludr 3 56 24 3 2,085
3 9 bfs ludr 3 85 39 3 2,279
3 10 bfs ludr 3 55 23 3 3,674
4 1 bfs ludr 4 175 79 4 2,796
4 2 bfs ludr 4 158 72 4 2,523
4 3 bfs ludr 4 223 107 4 2,722
4 4 bfs ludr 4 181 89 4 2,530
4 5 bfs ludr 4 149 67 4 2,350
4 6 bfs ludr 4 214 102 4 2,952
4 7 bfs ludr 4 126 58 4 2,867
4 8 bfs ludr 4 185 87 4 2,632
4 9 bfs ludr 4 175 79 4 2,991
4 10 bfs ludr 4 143 65 4 2,361
4 11 bfs ludr 4 168 76 4 2,631
4 12 bfs ludr 4 94 40 4 2,463
4 13 bfs ludr 4 144 64 4 2,345
4 14 bfs ludr 4 209 99 4 2,703
4 15 bfs ludr 4 121 55 4 2,244
4 16 bfs ludr 4 180 84 4 2,535
4 17 bfs ludr 4 170 76 4 2,512
4 18 bfs ludr 4 138 62 4 2,769
4 19 bfs ludr 4 168 76 4 2,901
4 20 bfs ludr 4 119 51 4 2,713
4 21 bfs ludr 4 165 77 4 2,737
4 22 bfs ludr 4 155 69 4 2,426
4 23 bfs ludr 4 143 69 4 2,437
4 24 bfs ludr 4 126 54 4 2,290
5 1 bfs ludr 5 377 177 5 3,540
5 2 bfs ludr 5 352 166 5 3,540
5 3 bfs ludr 5 360 170 5 3,417
5 4 bfs ludr 5 214 96 5 2,585
5 5 bfs ludr 5 311 145 5 10,062
5 6 bfs ludr 5 377 177 5 3,825
5 7 bfs ludr 5 352 166 5 3,513
5 8 bfs ludr 5 439 207 5 4,320
5 9 bfs ludr 5 251 119 5 2,904
5 10 bfs ludr 5 317 151 5 3,433
5 11 bfs ludr 5 351 165 5 3,474
5 12 bfs ludr 5 205 91 5 2,543
5 13 bfs ludr 5 302 140 5 3,115
5 14 bfs ludr 5 368 172 5 3,597
5 15 bfs ludr 5 343 161 5 3,452
5 16 bfs ludr 5 263 121 5 2,990
5 17 bfs ludr 5 321 153 5 3,443
5 18 bfs ludr 5 273 125 5 2,874
5 19 bfs ludr 5 339 157 5 3,467
5 20 bfs ludr 5 303 145 5 3,169
5 21 bfs ludr 5 280 128 5 3,135
5 22 bfs ludr 5 214 96 5 2,708
5 23 bfs ludr 5 263 121 5 5,822
5 24 bfs ludr 5 241 111 5 3,881
5 25 bfs ludr 5 394 184 5 4,848
5 26 bfs ludr 5 288 132 5 3,587
5 27 bfs ludr 5 377 177 5 4,224
5 28 bfs ludr 5 346 162 5 3,563
5 29 bfs ludr 5 200 88 5 2,680
5 30 bfs ludr 5 297 137 5 3,118
5 31 bfs ludr 5 363 169 5 3,586
5 32 bfs ludr 5 338 158 5 3,399
5 33 bfs ludr 5 258 118 5 2,964
5 34 bfs ludr 5 316 150 5 3,380
5 35 bfs ludr 5 268 122 5 2,821
5 36 bfs ludr 5 334 154 5 3,371
5 37 bfs ludr 5 298 142 5 3,132
5 38 bfs ludr 5 275 125 5 3,037
5 39 bfs ludr 5 209 93 5 2,655
5 40 bfs ludr 5 258 118 5 2,929
5 41 bfs ludr 5 236 108 5 2,997
5 42 bfs ludr 5 288 132 5 2,993
5 43 bfs ludr 5 474 222 5 4,587
5 44 bfs ludr 5 363 171 5 3,677
5 45 bfs ludr 5 253 115 5 2,836
5 46 bfs ludr 5 319 147 5 3,162
5 47 bfs ludr 5 283 135 5 3,022
5 48 bfs ludr 5 260 118 5 2,823
5 49 bfs ludr 5 194 86 5 2,721
5 50 bfs ludr 5 390 186 5 3,871
5 51 bfs ludr 5 213 99 5 2,732
5 52 bfs ludr 5 279 131 5 3,396
5 53 bfs ludr 5 231 103 5 2,920
5 54 bfs ludr 5 272 128 5 3,583
6 1 bfs ludr 6 617 297 6 6,628
6 2 bfs ludr 6 689 323 6 7,178
6 3 bfs ludr 6 910 424 6 9,416
6 4 bfs ludr 6 506 236 6 4,708
6 5 bfs ludr 6 784 364 6 7,988
6 6 bfs ludr 6 600 290 6 5,445
6 7 bfs ludr 6 672 316 6 6,724
6 8 bfs ludr 6 664 313 6 6,432
6 9 bfs ludr 6 551 265 6 4,978
6 10 bfs ludr 6 513 243 6 4,548
6 11 bfs ludr 6 458 216 6 4,064
6 12 bfs ludr 6 513 243 6 4,870
6 13 bfs ludr 6 670 320 6 6,543
6 14 bfs ludr 6 610 284 6 5,985
6 15 bfs ludr 6 584 275 6 5,847
6 16 bfs ludr 6 822 385 6 8,119
6 17 bfs ludr 6 754 361 6 7,660
6 18 bfs ludr 6 622 295 6 6,743
6 19 bfs ludr 6 736 353 6 7,447
6 20 bfs ludr 6 534 256 6 5,398
6 21 bfs ludr 6 736 353 6 7,850
6 22 bfs ludr 6 437 207 6 4,430
6 23 bfs ludr 6 591 285 6 5,298
6 24 bfs ludr 6 663 311 6 6,135
6 25 bfs ludr 6 658 308 6 6,382
6 26 bfs ludr 6 542 260 6 4,837
6 27 bfs ludr 6 504 238 6 4,616
6 28 bfs ludr 6 449 211 6 4,150
6 29 bfs ludr 6 504 238 6 4,817
6 30 bfs ludr 6 661 315 6 7,924
6 31 bfs ludr 6 601 279 6 7,075
6 32 bfs ludr 6 575 270 6 6,537
6 33 bfs ludr 6 764 365 6 7,988
6 34 bfs ludr 6 981 459 6 11,275
6 35 bfs ludr 6 600 290 6 6,429
6 36 bfs ludr 6 513 245 6 4,686
6 37 bfs ludr 6 475 223 6 4,271
6 38 bfs ludr 6 420 196 6 3,790
6 39 bfs ludr 6 475 223 6 4,399
6 40 bfs ludr 6 589 281 6 5,362
6 41 bfs ludr 6 457 215 6 4,351
6 42 bfs ludr 6 735 343 6 7,471
6 43 bfs ludr 6 361 167 6 3,513
6 44 bfs ludr 6 586 274 6 5,520
6 45 bfs ludr 6 458 216 6 4,682
6 46 bfs ludr 6 562 268 6 5,423
6 47 bfs ludr 6 896 417 6 9,857
6 48 bfs ludr 6 361 167 6 3,770
6 49 bfs ludr 6 777 362 6 7,441
6 50 bfs ludr 6 709 338 6 7,113
6 51 bfs ludr 6 652 302 6 7,034
6 52 bfs ludr 6 587 279 6 5,856
6 53 bfs ludr 6 796 379 6 8,226
6 54 bfs ludr 6 921 428 6 10,220
6 55 bfs ludr 6 586 282 6 5,167
6 56 bfs ludr 6 658 308 6 6,100
6 57 bfs ludr 6 653 305 6 6,393
6 58 bfs ludr 6 537 257 6 6,414
6 59 bfs ludr 6 499 235 6 6,842
6 60 bfs ludr 6 444 208 6 4,671
6 61 bfs ludr 6 499 235 6 4,977
6 62 bfs ludr 6 656 312 6 6,415
6 63 bfs ludr 6 596 276 6 5,988
6 64 bfs ludr 6 570 267 6 5,858
6 65 bfs ludr 6 759 362 6 7,305
6 66 bfs ludr 6 979 456 6 11,027
6 67 bfs ludr 6 595 287 6 6,153
6 68 bfs ludr 6 508 242 6 4,512
6 69 bfs ludr 6 470 220 6 4,426
6 70 bfs ludr 6 415 193 6 3,862
6 71 bfs ludr 6 470 220 6 4,622
6 72 bfs ludr 6 584 278 6 5,309
6 73 bfs ludr 6 452 212 6 4,411
6 74 bfs ludr 6 730 340 6 7,688
6 75 bfs ludr 6 356 164 6 3,562
6 76 bfs ludr 6 581 271 6 5,661
6 77 bfs ludr 6 453 213 6 4,818
6 78 bfs ludr 6 557 265 6 5,533
6 79 bfs ludr 6 891 414 6 10,093
6 80 bfs ludr 6 356 164 6 3,853
6 81 bfs ludr 6 789 376 6 7,865
6 82 bfs ludr 6 711 337 6 6,791
6 83 bfs ludr 6 1028 480 6 11,829
6 84 bfs ludr 6 826 382 6 10,361
6 85 bfs ludr 6 782 373 6 17,453
6 86 bfs ludr 6 493 235 6 5,765
6 87 bfs ludr 6 455 213 6 8,292
6 88 bfs ludr 6 400 186 6 6,583
6 89 bfs ludr 6 455 213 6 5,991
6 90 bfs ludr 6 569 271 6 6,534
6 91 bfs ludr 6 437 205 6 4,745
6 92 bfs ludr 6 719 333 6 13,393
6 93 bfs ludr 6 341 157 6 5,108
6 94 bfs ludr 6 566 264 6 6,457
6 95 bfs ludr 6 438 206 6 4,969
6 96 bfs ludr 6 627 301 6 6,507
6 97 bfs ludr 6 944 444 6 11,599
6 98 bfs ludr 6 544 256 6 6,304
6 99 bfs ludr 6 702 333 6 7,891
6 100 bfs ludr 6 496 236 6 5,988
6 101 bfs ludr 6 698 333 6 12,573
6 102 bfs ludr 6 399 187 6 4,688
6 103 bfs ludr 6 312 142 6 3,237
6 104 bfs ludr 6 537 249 6 5,360
6 105 bfs ludr 6 735 344 6 6,874
6 106 bfs ludr 6 530 246 6 6,181
6 107 bfs ludr 6 504 237 6 6,824
7 1 bfs ludr 7 955 460 7 14,049
7 2 bfs ludr 7 1338 642 7 19,864
7 3 bfs ludr 7 1240 581 7 17,538
7 4 bfs ludr 7 1448 683 7 25,438
7 5 bfs ludr 7 1276 607 7 17,786
7 6 bfs ludr 7 1552 739 7 23,246
7 7 bfs ludr 7 1494 704 7 25,907
7 8 bfs ludr 7 1073 515 7 14,180
7 9 bfs ludr 7 1374 647 7 21,546
7 10 bfs ludr 7 1948 921 7 34,214
7 11 bfs ludr 7 1099 518 7 13,331
7 12 bfs ludr 7 1372 650 7 19,626
7 13 bfs ludr 7 938 453 7 9,492
7 14 bfs ludr 7 1321 635 7 16,022
7 15 bfs ludr 7 1223 574 7 14,508
7 16 bfs ludr 7 1431 676 7 20,746
7 17 bfs ludr 7 2067 974 7 35,632
7 18 bfs ludr 7 1521 720 7 22,199
7 19 bfs ludr 7 889 428 7 8,970
7 20 bfs ludr 7 753 363 7 7,263
7 21 bfs ludr 7 1541 724 7 20,988
7 22 bfs ludr 7 955 460 7 11,038
7 23 bfs ludr 7 1167 549 7 14,743
7 24 bfs ludr 7 753 363 7 8,104
7 25 bfs ludr 7 1112 537 7 13,030
7 26 bfs ludr 7 829 401 7 9,092
7 27 bfs ludr 7 1738 818 7 27,093
7 28 bfs ludr 7 925 438 7 11,224
7 29 bfs ludr 7 1208 574 7 16,450
7 30 bfs ludr 7 1073 515 7 13,217
7 31 bfs ludr 7 1003 477 7 12,228
7 32 bfs ludr 7 1188 568 7 13,774
7 33 bfs ludr 7 1464 700 7 19,740
7 34 bfs ludr 7 1369 643 7 17,418
7 35 bfs ludr 7 1196 578 7 13,912
7 36 bfs ludr 7 913 442 7 10,221
7 37 bfs ludr 7 1111 535 7 13,507
7 38 bfs ludr 7 1041 497 7 13,659
7 39 bfs ludr 7 1225 593 7 14,616
7 40 bfs ludr 7 1935 913 7 31,215
7 41 bfs ludr 7 1597 760 7 25,168
7 42 bfs ludr 7 1769 840 7 28,747
7 43 bfs ludr 7 1225 593 7 27,979
7 44 bfs ludr 7 1663 792 7 26,337
7 45 bfs ludr 7 929 448 7 9,508
7 46 bfs ludr 7 1312 630 7 16,350
7 47 bfs ludr 7 1214 569 7 14,530
7 48 bfs ludr 7 1422 671 7 19,341
7 49 bfs ludr 7 2061 971 7 35,881
7 50 bfs ludr 7 1515 715 7 21,859
7 51 bfs ludr 7 880 423 7 8,855
7 52 bfs ludr 7 744 358 7 7,077
7 53 bfs ludr 7 1532 719 7 20,936
7 54 bfs ludr 7 946 455 7 9,257
7 55 bfs ludr 7 1158 544 7 14,379
7 56 bfs ludr 7 744 358 7 7,882
7 57 bfs ludr 7 1103 532 7 11,978
7 58 bfs ludr 7 820 396 7 8,681
7 59 bfs ludr 7 1729 813 7 25,284
7 60 bfs ludr 7 916 433 7 10,515
7 61 bfs ludr 7 1199 569 7 15,671
7 62 bfs ludr 7 1064 510 7 12,618
7 63 bfs ludr 7 994 472 7 11,923
7 64 bfs ludr 7 1645 784 7 21,993
7 65 bfs ludr 7 1587 749 7 22,031
7 66 bfs ludr 7 2143 1013 7 40,793
7 67 bfs ludr 7 1467 696 7 22,059
7 68 bfs ludr 7 1660 791 7 33,419
7 69 bfs ludr 7 851 408 7 8,455
7 70 bfs ludr 7 715 343 7 7,331
7 71 bfs ludr 7 1509 707 7 20,074
7 72 bfs ludr 7 917 440 7 8,880
7 73 bfs ludr 7 1129 529 7 23,991
7 74 bfs ludr 7 715 343 7 8,918
7 75 bfs ludr 7 1470 700 7 21,983
7 76 bfs ludr 7 829 401 7 8,825
7 77 bfs ludr 7 1035 498 7 11,610
7 78 bfs ludr 7 1325 626 7 19,915
7 79 bfs ludr 7 1899 900 7 33,819
7 80 bfs ludr 7 1050 497 7 13,060
7 81 bfs ludr 7 1323 629 7 18,821
7 82 bfs ludr 7 862 411 7 8,546
7 83 bfs ludr 7 1055 506 7 11,153
7 84 bfs ludr 7 1140 532 7 13,980
7 85 bfs ludr 7 1345 634 7 18,043
7 86 bfs ludr 7 1697 800 7 25,846
7 87 bfs ludr 7 877 418 7 10,201
7 88 bfs ludr 7 1004 485 7 10,438
7 89 bfs ludr 7 1213 574 7 15,192
7 90 bfs ludr 7 1850 871 7 29,786
7 91 bfs ludr 7 2058 971 7 36,313
7 92 bfs ludr 7 1208 571 7 16,157
7 93 bfs ludr 7 1587 752 7 25,660
7 94 bfs ludr 7 1143 545 7 12,559
7 95 bfs ludr 7 1419 677 7 18,640
7 96 bfs ludr 7 1328 620 7 16,796
7 97 bfs ludr 7 1151 555 7 13,402
7 98 bfs ludr 7 868 419 7 11,414
7 99 bfs ludr 7 1780 836 7 31,701
7 100 bfs ludr 7 967 456 7 12,388
7 101 bfs ludr 7 1240 588 7 17,103
7 102 bfs ludr 7 1029 496 7 11,509
7 103 bfs ludr 7 1238 585 7 15,955
7 104 bfs ludr 7 1285 619 7 15,945
7 105 bfs ludr 7 2197 1037 7 39,885
7 106 bfs ludr 7 1875 882 7 29,704
7 107 bfs ludr 7 2083 982 7 37,390
7 108 bfs ludr 7 924 445 7 9,240
7 109 bfs ludr 7 1307 627 7 15,721
7 110 bfs ludr 7 1209 566 7 14,466
7 111 bfs ludr 7 1417 668 7 19,564
7 112 bfs ludr 7 2056 968 7 35,132
7 113 bfs ludr 7 1510 712 7 22,164
7 114 bfs ludr 7 875 420 7 8,842
7 115 bfs ludr 7 739 355 7 7,147
7 116 bfs ludr 7 1527 716 7 20,495
7 117 bfs ludr 7 941 452 7 9,273
7 118 bfs ludr 7 1153 541 7 13,838
7 119 bfs ludr 7 739 355 7 7,655
7 120 bfs ludr 7 1098 529 7 11,870
7 121 bfs ludr 7 815 393 7 13,251
7 122 bfs ludr 7 1724 810 7 27,781
7 123 bfs ludr 7 911 430 7 11,853
7 124 bfs ludr 7 1194 566 7 16,004
7 125 bfs ludr 7 1059 507 7 13,517
7 126 bfs ludr 7 989 469 7 12,379
7 127 bfs ludr 7 1640 781 7 21,856
7 128 bfs ludr 7 1582 746 7 22,049
7 129 bfs ludr 7 1933 910 7 36,342
7 130 bfs ludr 7 2141 1010 7 41,203
7 131 bfs ludr 7 1465 693 7 21,796
7 132 bfs ludr 7 1655 788 7 26,503
7 133 bfs ludr 7 846 405 7 8,379
7 134 bfs ludr 7 710 340 7 6,760
7 135 bfs ludr 7 1504 704 7 19,960
7 136 bfs ludr 7 912 437 7 8,899
7 137 bfs ludr 7 1124 526 7 13,799
7 138 bfs ludr 7 710 340 7 7,332
7 139 bfs ludr 7 1465 697 7 18,218
7 140 bfs ludr 7 824 398 7 12,912
7 141 bfs ludr 7 1030 495 7 11,725
7 142 bfs ludr 7 1320 623 7 18,375
7 143 bfs ludr 7 1894 897 7 31,655
7 144 bfs ludr 7 1045 494 7 12,490
7 145 bfs ludr 7 1318 626 7 31,076
7 146 bfs ludr 7 857 408 7 9,746
7 147 bfs ludr 7 1050 503 7 12,245
7 148 bfs ludr 7 1135 529 7 15,367
7 149 bfs ludr 7 1340 631 7 19,774
7 150 bfs ludr 7 1692 797 7 28,028
7 151 bfs ludr 7 872 415 7 10,849
7 152 bfs ludr 7 999 482 7 10,334
7 153 bfs ludr 7 1208 571 7 15,416
7 154 bfs ludr 7 1845 868 7 29,396
7 155 bfs ludr 7 1731 820 7 27,605
7 156 bfs ludr 7 1203 568 7 15,669
7 157 bfs ludr 7 1582 749 7 24,021
7 158 bfs ludr 7 1670 795 7 22,327
7 159 bfs ludr 7 1612 760 7 22,621
7 160 bfs ludr 7 1592 756 7 21,092
7 161 bfs ludr 7 948 457 7 10,222
7 162 bfs ludr 7 1394 663 7 20,424
7 163 bfs ludr 7 1670 795 7 24,102
7 164 bfs ludr 7 1612 760 7 26,987
7 165 bfs ludr 7 1990 939 7 35,158
7 166 bfs ludr 7 1138 536 7 14,981
7 167 bfs ludr 7 1414 668 7 20,642
7 168 bfs ludr 7 1815 860 7 49,314
7 169 bfs ludr 7 1271 613 7 20,671
7 170 bfs ludr 7 831 398 7 9,250
7 171 bfs ludr 7 695 333 7 6,941
7 172 bfs ludr 7 1489 697 7 20,479
7 173 bfs ludr 7 897 430 7 9,619
7 174 bfs ludr 7 1109 519 7 13,631
7 175 bfs ludr 7 695 333 7 7,533
7 176 bfs ludr 7 1450 690 7 17,966
7 177 bfs ludr 7 809 391 7 8,045
7 178 bfs ludr 7 1015 488 7 10,891
7 179 bfs ludr 7 1305 616 7 18,129
7 180 bfs ludr 7 1889 894 7 32,249
7 181 bfs ludr 7 1034 487 7 12,374
7 182 bfs ludr 7 1307 619 7 18,062
7 183 bfs ludr 7 842 401 7 8,500
7 184 bfs ludr 7 1035 496 7 11,179
7 185 bfs ludr 7 1120 522 7 16,425
7 186 bfs ludr 7 1325 624 7 17,482
7 187 bfs ludr 7 1677 790 7 24,964
7 188 bfs ludr 7 857 408 7 10,023
7 189 bfs ludr 7 1508 720 7 20,462
7 190 bfs ludr 7 867 421 7 9,566
7 191 bfs ludr 7 1310 627 7 15,704
7 192 bfs ludr 7 1586 759 7 22,399
7 193 bfs ludr 7 1528 724 7 21,470
7 194 bfs ludr 7 1111 535 7 21,696
7 195 bfs ludr 7 1412 667 7 23,803
7 196 bfs ludr 7 1191 573 7 15,714
7 197 bfs ludr 7 2105 994 7 38,746
7 198 bfs ludr 7 1559 740 7 24,858
7 199 bfs ludr 7 1187 573 7 15,253
7 200 bfs ludr 7 1625 772 7 26,915
7 201 bfs ludr 7 813 386 7 7,675
7 202 bfs ludr 7 1006 481 7 10,028
7 203 bfs ludr 7 1091 507 7 12,405
7 204 bfs ludr 7 1301 612 7 17,173
7 205 bfs ludr 7 1101 527 7 11,781
7 206 bfs ludr 7 1377 659 7 17,145
7 207 bfs ludr 7 1286 602 7 15,691
7 208 bfs ludr 7 1668 784 7 23,723
7 209 bfs ludr 7 845 400 7 9,398
7 210 bfs ludr 7 1128 536 7 14,647
7 211 bfs ludr 7 993 477 7 11,517
7 212 bfs ludr 7 923 439 7 10,817
