1 1 bfs rdlu 1 4 2 1 2,008
1 2 bfs rdlu 1 4 2 1 1,906
2 1 bfs rdlu 2 13 5 2 1,985
2 2 bfs rdlu 2 19 6 2 1,926
2 3 bfs rdlu 2 24 9 2 1,938
2 4 bfs rdlu 2 13 5 2 1,901
3 1 bfs rdlu 3 23 10 3 2,199
3 2 bfs rdlu 3 49 20 3 1,996
3 3 bfs rdlu 3 58 25 3 2,079
3 4 bfs rdlu 3 49 20 3 1,996
3 5 bfs rdlu 3 54 23 3 2,106
3 6 bfs rdlu 3 63 28 3 2,030
3 7 bfs rdlu 3 54 23 3 2,010
3 8 bfs rdlu 3 40 17 3 1,973
3 9 bfs rdlu 3 69 30 3 2,112
3 10 bfs rdlu 3 23 10 3 1,938
4 1 bfs rdlu 4 79 34 4 2,073
4 2 bfs rdlu 4 96 41 4 2,117
4 3 bfs rdlu 4 107 50 4 2,174
4 4 bfs rdlu 4 187 88 4 2,728
4 5 bfs rdlu 4 105 46 4 2,175
4 6 bfs rdlu 4 116 55 4 2,237
4 7 bfs rdlu 4 111 48 4 2,186
4 8 bfs rdlu 4 145 70 4 2,625
4 9 bfs rdlu 4 79 34 4 3,429
4 10 bfs rdlu 4 128 55 4 2,447
4 11 bfs rdlu 4 86 37 4 2,136
4 12 bfs rdlu 4 71 30 4 2,066
4 13 bfs rdlu 4 110 49 4 2,340
4 14 bfs rdlu 4 121 58 4 2,237
4 15 bfs rdlu 4 116 51 4 2,464
4 16 bfs rdlu 4 150 73 4 2,727
4 17 bfs rdlu 4 84 37 4 2,122
4 18 bfs rdlu 4 133 58 4 2,381
4 19 bfs rdlu 4 86 37 4 2,161
4 20 bfs rdlu 4 96 41 4 2,149
4 21 bfs rdlu 4 165 80 4 2,495
4 22 bfs rdlu 4 99 44 4 2,278
4 23 bfs rdlu 4 149 68 4 2,557
4 24 bfs rdlu 4 128 59 4 2,284
5 1 bfs rdlu 5 177 80 5 2,488
5 2 bfs rdlu 5 434 205 5 4,165
5 3 bfs rdlu 5 194 87 5 2,722
5 4 bfs rdlu 5 216 97 5 3,158
5 5 bfs rdlu 5 243 112 5 2,734
5 6 bfs rdlu 5 177 80 5 2,543
5 7 bfs rdlu 5 403 188 5 3,973
5 8 bfs rdlu 5 267 126 5 3,059
5 9 bfs rdlu 5 275 126 5 3,107
5 10 bfs rdlu 5 341 158 5 4,004
5 11 bfs rdlu 5 203 92 5 2,651
5 12 bfs rdlu 5 225 102 5 2,711
5 13 bfs rdlu 5 252 117 5 2,879
5 14 bfs rdlu 5 186 85 5 2,794
5 15 bfs rdlu 5 412 193 5 4,209
5 16 bfs rdlu 5 167 72 5 2,388
5 17 bfs rdlu 5 313 146 5 3,442
5 18 bfs rdlu 5 281 132 5 2,921
5 19 bfs rdlu 5 215 100 5 2,670
5 20 bfs rdlu 5 354 167 5 6,600
5 21 bfs rdlu 5 274 129 5 3,053
5 22 bfs rdlu 5 216 97 5 2,952
5 23 bfs rdlu 5 167 72 5 4,801
5 24 bfs rdlu 5 233 104 5 3,027
5 25 bfs rdlu 5 312 149 5 3,371
5 26 bfs rdlu 5 142 61 5 2,431
5 27 bfs rdlu 5 191 86 5 2,712
5 28 bfs rdlu 5 208 95 5 2,703
5 29 bfs rdlu 5 230 105 5 2,694
5 30 bfs rdlu 5 257 120 5 3,025
5 31 bfs rdlu 5 191 88 5 2,567
5 32 bfs rdlu 5 417 196 5 4,245
5 33 bfs rdlu 5 172 75 5 2,490
5 34 bfs rdlu 5 318 149 5 3,366
5 35 bfs rdlu 5 286 135 5 3,170
5 36 bfs rdlu 5 220 103 5 2,668
5 37 bfs rdlu 5 359 170 5 3,651
5 38 bfs rdlu 5 279 132 5 3,219
5 39 bfs rdlu 5 221 100 5 2,917
5 40 bfs rdlu 5 172 75 5 2,530
5 41 bfs rdlu 5 238 107 5 2,900
5 42 bfs rdlu 5 142 61 5 2,350
5 43 bfs rdlu 5 232 111 5 2,836
5 44 bfs rdlu 5 177 80 5 2,555
5 45 bfs rdlu 5 301 142 5 3,278
5 46 bfs rdlu 5 235 110 5 2,826
5 47 bfs rdlu 5 374 177 5 3,837
5 48 bfs rdlu 5 294 139 5 3,109
5 49 bfs rdlu 5 236 107 5 2,878
5 50 bfs rdlu 5 316 147 5 3,331
5 51 bfs rdlu 5 237 106 5 2,841
5 52 bfs rdlu 5 303 138 5 3,337
5 53 bfs rdlu 5 323 154 5 3,316
5 54 bfs rdlu 5 354 167 5 4,526
6 1 bfs rdlu 6 297 136 6 2,978
6 2 bfs rdlu 6 937 435 6 10,016
6 3 bfs rdlu 6 612 285 6 5,848
6 4 bfs rdlu 6 671 320 6 6,779
6 5 bfs rdlu 6 988 463 6 11,668
6 6 bfs rdlu 6 314 143 6 3,049
6 7 bfs rdlu 6 954 442 6 10,581
6 8 bfs rdlu 6 720 341 6 7,237
6 9 bfs rdlu 6 363 168 6 3,711
6 10 bfs rdlu 6 666 314 6 7,001
6 11 bfs rdlu 6 460 217 6 4,061
6 12 bfs rdlu 6 666 314 6 8,582
6 13 bfs rdlu 6 508 237 6 5,138
6 14 bfs rdlu 6 786 366 6 8,547
6 15 bfs rdlu 6 718 342 6 7,677
6 16 bfs rdlu 6 703 324 6 6,859
6 17 bfs rdlu 6 421 196 6 4,705
6 18 bfs rdlu 6 634 301 6 6,660
6 19 bfs rdlu 6 477 224 6 4,725
6 20 bfs rdlu 6 515 246 6 5,216
6 21 bfs rdlu 6 477 224 6 4,939
6 22 bfs rdlu 6 422 197 6 4,396
6 23 bfs rdlu 6 323 148 6 3,117
6 24 bfs rdlu 6 963 447 6 10,964
6 25 bfs rdlu 6 726 346 6 7,633
6 26 bfs rdlu 6 372 173 6 3,519
6 27 bfs rdlu 6 675 319 6 6,361
6 28 bfs rdlu 6 469 222 6 4,232
6 29 bfs rdlu 6 675 319 6 8,232
6 30 bfs rdlu 6 517 242 6 5,061
6 31 bfs rdlu 6 795 371 6 8,638
6 32 bfs rdlu 6 727 347 6 7,946
6 33 bfs rdlu 6 411 192 6 3,859
6 34 bfs rdlu 6 522 243 6 5,954
6 35 bfs rdlu 6 553 266 6 6,207
6 36 bfs rdlu 6 401 188 6 3,769
6 37 bfs rdlu 6 700 334 6 6,710
6 38 bfs rdlu 6 498 237 6 4,550
6 39 bfs rdlu 6 704 334 6 7,366
6 40 bfs rdlu 6 586 276 6 5,578
6 41 bfs rdlu 6 591 282 6 5,997
6 42 bfs rdlu 6 912 425 6 10,346
6 43 bfs rdlu 6 553 266 6 5,064
6 44 bfs rdlu 6 835 386 6 8,674
6 45 bfs rdlu 6 515 244 6 5,109
6 46 bfs rdlu 6 620 289 6 6,296
6 47 bfs rdlu 6 642 299 6 7,334
6 48 bfs rdlu 6 314 143 6 3,384
6 49 bfs rdlu 6 744 347 6 7,365
6 50 bfs rdlu 6 466 219 6 4,549
6 51 bfs rdlu 6 698 327 6 7,457
6 52 bfs rdlu 6 595 278 6 5,879
6 53 bfs rdlu 6 393 184 6 3,955
6 54 bfs rdlu 6 497 232 6 4,921
6 55 bfs rdlu 6 328 151 6 3,184
6 56 bfs rdlu 6 968 450 6 11,148
6 57 bfs rdlu 6 731 349 6 7,440
6 58 bfs rdlu 6 377 176 6 3,572
6 59 bfs rdlu 6 680 322 6 6,568
6 60 bfs rdlu 6 474 225 6 4,306
6 61 bfs rdlu 6 680 322 6 7,311
6 62 bfs rdlu 6 522 245 6 5,200
6 63 bfs rdlu 6 800 374 6 9,088
6 64 bfs rdlu 6 732 350 6 7,854
6 65 bfs rdlu 6 416 195 6 4,329
6 66 bfs rdlu 6 527 246 6 5,487
6 67 bfs rdlu 6 558 269 6 6,356
6 68 bfs rdlu 6 406 191 6 3,713
6 69 bfs rdlu 6 705 337 6 6,689
6 70 bfs rdlu 6 503 240 6 4,447
6 71 bfs rdlu 6 709 337 6 7,303
6 72 bfs rdlu 6 591 279 6 5,911
6 73 bfs rdlu 6 596 285 6 5,979
6 74 bfs rdlu 6 917 428 6 10,448
6 75 bfs rdlu 6 558 269 6 5,135
6 76 bfs rdlu 6 840 389 6 9,422
6 77 bfs rdlu 6 520 247 6 5,416
6 78 bfs rdlu 6 625 292 6 6,255
6 79 bfs rdlu 6 647 302 6 6,570
6 80 bfs rdlu 6 319 146 6 3,433
6 81 bfs rdlu 6 386 181 6 3,951
6 82 bfs rdlu 6 467 220 6 4,440
6 83 bfs rdlu 6 490 229 6 4,966
6 84 bfs rdlu 6 873 407 6 9,845
6 85 bfs rdlu 6 379 178 6 4,067
6 86 bfs rdlu 6 421 198 6 3,853
6 87 bfs rdlu 6 720 344 6 7,035
6 88 bfs rdlu 6 518 247 6 4,673
6 89 bfs rdlu 6 724 344 6 7,555
6 90 bfs rdlu 6 606 286 6 5,663
6 91 bfs rdlu 6 611 292 6 6,310
6 92 bfs rdlu 6 928 435 6 10,663
6 93 bfs rdlu 6 573 276 6 7,038
6 94 bfs rdlu 6 855 396 6 12,232
6 95 bfs rdlu 6 535 254 6 5,694
6 96 bfs rdlu 6 548 256 6 5,016
6 97 bfs rdlu 6 574 265 6 5,516
6 98 bfs rdlu 6 553 262 6 5,623
6 99 bfs rdlu 6 439 204 6 4,299
6 100 bfs rdlu 6 477 226 6 4,934
6 101 bfs rdlu 6 439 204 6 4,492
6 102 bfs rdlu 6 384 177 6 4,043
6 103 bfs rdlu 6 602 291 6 5,306
6 104 bfs rdlu 6 881 411 6 9,439
6 105 bfs rdlu 6 786 365 6 8,369
6 106 bfs rdlu 6 737 345 6 8,087
6 107 bfs rdlu 6 672 321 6 7,239
7 1 bfs rdlu 7 1523 721 7 20,750
7 2 bfs rdlu 7 1147 540 7 13,448
7 3 bfs rdlu 7 1891 889 7 32,002
7 4 bfs rdlu 7 2099 989 7 39,053
7 5 bfs rdlu 7 1210 575 7 17,690
7 6 bfs rdlu 7 927 439 7 10,040
7 7 bfs rdlu 7 1950 922 7 35,337
7 8 bfs rdlu 7 911 440 7 10,180
7 9 bfs rdlu 7 1552 739 7 23,658
7 10 bfs rdlu 7 1364 641 7 18,969
7 11 bfs rdlu 7 1354 646 7 26,906
7 12 bfs rdlu 7 1630 778 7 27,074
7 13 bfs rdlu 7 1540 728 7 21,496
7 14 bfs rdlu 7 1164 547 7 13,565
7 15 bfs rdlu 7 1908 896 7 32,129
7 16 bfs rdlu 7 2116 996 7 40,036
7 17 bfs rdlu 7 1169 550 7 14,440
7 18 bfs rdlu 7 1601 760 7 24,106
7 19 bfs rdlu 7 1589 753 7 22,370
7 20 bfs rdlu 7 1155 554 7 13,658
7 21 bfs rdlu 7 2069 975 7 40,642
7 22 bfs rdlu 7 1523 721 7 19,735
7 23 bfs rdlu 7 1699 801 7 28,079
7 24 bfs rdlu 7 1155 554 7 14,911
7 25 bfs rdlu 7 1376 648 7 17,466
7 26 bfs rdlu 7 1075 516 7 13,552
7 27 bfs rdlu 7 1545 726 7 22,520
7 28 bfs rdlu 7 1152 549 7 15,064
7 29 bfs rdlu 7 1428 681 7 21,134
7 30 bfs rdlu 7 877 423 7 10,434
7 31 bfs rdlu 7 1160 559 7 15,234
7 32 bfs rdlu 7 1291 610 7 15,151
7 33 bfs rdlu 7 1018 478 7 11,148
7 34 bfs rdlu 7 1663 782 7 25,614
7 35 bfs rdlu 7 1289 607 7 15,610
7 36 bfs rdlu 7 999 479 7 20,436
7 37 bfs rdlu 7 793 382 7 10,444
7 38 bfs rdlu 7 1076 518 7 13,709
7 39 bfs rdlu 7 717 344 7 6,969
7 40 bfs rdlu 7 1135 530 7 13,597
7 41 bfs rdlu 7 853 409 7 10,374
7 42 bfs rdlu 7 1505 705 7 22,590
7 43 bfs rdlu 7 717 344 7 8,007
7 44 bfs rdlu 7 919 441 7 10,640
7 45 bfs rdlu 7 1549 733 7 21,576
7 46 bfs rdlu 7 1173 552 7 14,229
7 47 bfs rdlu 7 1917 901 7 32,499
7 48 bfs rdlu 7 2125 1001 7 39,356
7 49 bfs rdlu 7 1175 555 7 14,257
7 50 bfs rdlu 7 1607 765 7 24,617
7 51 bfs rdlu 7 1598 758 7 31,529
7 52 bfs rdlu 7 1164 559 7 13,655
7 53 bfs rdlu 7 2078 980 7 36,497
7 54 bfs rdlu 7 1532 726 7 20,464
7 55 bfs rdlu 7 1708 806 7 27,808
7 56 bfs rdlu 7 1164 559 7 15,102
7 57 bfs rdlu 7 1385 653 7 18,461
7 58 bfs rdlu 7 1084 521 7 13,794
7 59 bfs rdlu 7 1554 731 7 24,129
7 60 bfs rdlu 7 1161 554 7 16,866
7 61 bfs rdlu 7 1437 686 7 21,866
7 62 bfs rdlu 7 886 428 7 10,269
7 63 bfs rdlu 7 1169 564 7 15,721
7 64 bfs rdlu 7 830 394 7 7,974
7 65 bfs rdlu 7 2023 952 7 35,464
7 66 bfs rdlu 7 1076 501 7 15,027
7 67 bfs rdlu 7 1274 611 7 17,725
7 68 bfs rdlu 7 891 429 7 10,770
7 69 bfs rdlu 7 1627 773 7 23,217
7 70 bfs rdlu 7 1189 574 7 14,194
7 71 bfs rdlu 7 2101 992 7 36,954
7 72 bfs rdlu 7 1561 741 7 20,332
7 73 bfs rdlu 7 1737 821 7 29,052
7 74 bfs rdlu 7 1193 574 7 15,973
7 75 bfs rdlu 7 1005 478 7 10,571
7 76 bfs rdlu 7 1075 516 7 12,356
7 77 bfs rdlu 7 831 402 7 8,696
7 78 bfs rdlu 7 1472 701 7 22,180
7 79 bfs rdlu 7 1288 603 7 27,729
7 80 bfs rdlu 7 1278 608 7 18,046
7 81 bfs rdlu 7 1554 740 7 24,258
7 82 bfs rdlu 7 1613 767 7 21,402
7 83 bfs rdlu 7 1423 672 7 18,509
7 84 bfs rdlu 7 1789 840 7 29,425
7 85 bfs rdlu 7 1999 943 7 35,751
7 86 bfs rdlu 7 1543 725 7 23,583
7 87 bfs rdlu 7 957 461 7 11,418
7 88 bfs rdlu 7 1477 696 7 20,839
7 89 bfs rdlu 7 1653 778 7 27,450
7 90 bfs rdlu 7 1401 659 7 18,644
7 91 bfs rdlu 7 1196 557 7 15,379
7 92 bfs rdlu 7 1008 482 7 12,162
7 93 bfs rdlu 7 815 387 7 8,974
7 94 bfs rdlu 7 1332 633 7 16,900
7 95 bfs rdlu 7 1059 501 7 11,779
7 96 bfs rdlu 7 1698 801 7 26,204
7 97 bfs rdlu 7 1334 630 7 17,280
7 98 bfs rdlu 7 1044 502 7 13,217
7 99 bfs rdlu 7 1457 687 7 21,068
7 100 bfs rdlu 7 1064 510 7 13,365
7 101 bfs rdlu 7 1347 646 7 19,314
7 102 bfs rdlu 7 1452 685 7 19,097
7 103 bfs rdlu 7 1628 767 7 25,365
7 104 bfs rdlu 7 633 304 7 6,083
7 105 bfs rdlu 7 1051 490 7 11,984
7 106 bfs rdlu 7 1261 595 7 16,074
7 107 bfs rdlu 7 1051 490 7 12,401
7 108 bfs rdlu 7 1554 736 7 24,220
7 109 bfs rdlu 7 1178 555 7 18,245
7 110 bfs rdlu 7 1922 904 7 33,207
7 111 bfs rdlu 7 2130 1004 7 40,950
7 112 bfs rdlu 7 1180 558 7 14,442
7 113 bfs rdlu 7 1612 768 7 24,934
7 114 bfs rdlu 7 1603 761 7 22,407
7 115 bfs rdlu 7 1169 562 7 13,766
7 116 bfs rdlu 7 2083 983 7 37,079
7 117 bfs rdlu 7 1537 729 7 20,108
7 118 bfs rdlu 7 1713 809 7 29,802
7 119 bfs rdlu 7 1169 562 7 15,377
7 120 bfs rdlu 7 1390 656 7 18,258
7 121 bfs rdlu 7 1089 524 7 13,791
7 122 bfs rdlu 7 1559 734 7 24,337
7 123 bfs rdlu 7 1166 557 7 15,374
7 124 bfs rdlu 7 1442 689 7 21,773
7 125 bfs rdlu 7 891 431 7 10,471
7 126 bfs rdlu 7 1174 567 7 15,838
7 127 bfs rdlu 7 835 397 7 7,959
7 128 bfs rdlu 7 2028 955 7 35,123
7 129 bfs rdlu 7 1286 606 7 16,482
7 130 bfs rdlu 7 1081 504 7 13,079
7 131 bfs rdlu 7 1279 614 7 19,710
7 132 bfs rdlu 7 896 432 7 11,825
7 133 bfs rdlu 7 1632 776 7 23,683
7 134 bfs rdlu 7 1194 577 7 14,871
7 135 bfs rdlu 7 2106 995 7 36,735
7 136 bfs rdlu 7 1566 744 7 20,965
7 137 bfs rdlu 7 1742 824 7 30,478
7 138 bfs rdlu 7 1198 577 7 17,002
7 139 bfs rdlu 7 1010 481 7 10,789
7 140 bfs rdlu 7 1080 519 7 12,682
7 141 bfs rdlu 7 836 405 7 9,151
7 142 bfs rdlu 7 1477 704 7 23,200
7 143 bfs rdlu 7 1293 606 7 19,083
7 144 bfs rdlu 7 1283 611 7 18,045
7 145 bfs rdlu 7 1559 743 7 24,401
7 146 bfs rdlu 7 1618 770 7 22,391
7 147 bfs rdlu 7 1428 675 7 19,793
7 148 bfs rdlu 7 1794 843 7 30,461
7 149 bfs rdlu 7 2004 946 7 35,770
7 150 bfs rdlu 7 1548 728 7 23,503
7 151 bfs rdlu 7 962 464 7 11,877
7 152 bfs rdlu 7 1482 699 7 21,599
7 153 bfs rdlu 7 1658 781 7 27,185
7 154 bfs rdlu 7 1406 662 7 19,372
7 155 bfs rdlu 7 1201 560 7 15,463
7 156 bfs rdlu 7 1013 485 7 15,515
7 157 bfs rdlu 7 820 390 7 10,839
7 158 bfs rdlu 7 805 383 7 8,366
7 159 bfs rdlu 7 1998 941 7 35,622
7 160 bfs rdlu 7 886 422 7 8,997
7 161 bfs rdlu 7 964 464 7 10,768
7 162 bfs rdlu 7 1088 519 7 11,800
7 163 bfs rdlu 7 805 383 7 8,306
7 164 bfs rdlu 7 1838 870 7 31,359
7 165 bfs rdlu 7 1249 585 7 17,108
7 166 bfs rdlu 7 1239 590 7 17,107
7 167 bfs rdlu 7 1515 722 7 23,347
7 168 bfs rdlu 7 1413 662 7 19,751
7 169 bfs rdlu 7 619 298 7 6,514
7 170 bfs rdlu 7 1647 783 7 24,996
7 171 bfs rdlu 7 1209 584 7 14,952
7 172 bfs rdlu 7 2121 1002 7 39,805
7 173 bfs rdlu 7 1581 751 7 21,487
7 174 bfs rdlu 7 1757 831 7 29,553
7 175 bfs rdlu 7 1213 584 7 16,686
7 176 bfs rdlu 7 1025 488 7 10,917
7 177 bfs rdlu 7 1095 526 7 12,877
7 178 bfs rdlu 7 851 412 7 9,297
7 179 bfs rdlu 7 1492 711 7 34,424
7 180 bfs rdlu 7 1304 613 7 21,399
7 181 bfs rdlu 7 1294 618 7 20,664
7 182 bfs rdlu 7 1570 750 7 26,249
7 183 bfs rdlu 7 1633 777 7 23,118
7 184 bfs rdlu 7 1443 682 7 19,326
7 185 bfs rdlu 7 1809 850 7 30,752
7 186 bfs rdlu 7 2019 953 7 37,403
7 187 bfs rdlu 7 1563 735 7 23,954
7 188 bfs rdlu 7 977 471 7 19,943
7 189 bfs rdlu 7 967 458 7 10,268
7 190 bfs rdlu 7 1037 496 7 12,182
7 191 bfs rdlu 7 1172 555 7 13,293
7 192 bfs rdlu 7 889 419 7 9,167
7 193 bfs rdlu 7 1922 906 7 35,557
7 194 bfs rdlu 7 793 382 7 8,484
7 195 bfs rdlu 7 1434 681 7 21,249
7 196 bfs rdlu 7 679 324 7 6,878
7 197 bfs rdlu 7 1097 510 7 12,700
7 198 bfs rdlu 7 815 389 7 9,732
7 199 bfs rdlu 7 679 324 7 7,851
7 200 bfs rdlu 7 881 421 7 10,835
7 201 bfs rdlu 7 1662 792 7 23,892
7 202 bfs rdlu 7 1469 697 7 19,233
7 203 bfs rdlu 7 1835 865 7 40,921
7 204 bfs rdlu 7 2043 965 7 47,596
7 205 bfs rdlu 7 1374 651 7 18,816
7 206 bfs rdlu 7 1101 519 7 13,252
7 207 bfs rdlu 7 1740 819 7 37,667
7 208 bfs rdlu 7 1496 705 7 23,771
7 209 bfs rdlu 7 1103 528 7 14,940
7 210 bfs rdlu 7 1379 660 7 20,792
7 211 bfs rdlu 7 831 402 7 11,406
7 212 bfs rdlu 7 1114 538 7 16,981
