1 1 bfs drlu 1 4 2 1 2,064
1 2 bfs drlu 1 4 2 1 1,982
2 1 bfs drlu 2 13 5 2 1,980
2 2 bfs drlu 2 24 9 2 2,055
2 3 bfs drlu 2 19 6 2 2,074
2 4 bfs drlu 2 13 5 2 1,912
3 1 bfs drlu 3 23 10 3 2,060
3 2 bfs drlu 3 69 30 3 2,202
3 3 bfs drlu 3 54 23 3 2,085
3 4 bfs drlu 3 63 28 3 2,273
3 5 bfs drlu 3 54 23 3 2,302
3 6 bfs drlu 3 49 20 3 2,343
3 7 bfs drlu 3 58 25 3 2,397
3 8 bfs drlu 3 40 17 3 2,351
3 9 bfs drlu 3 49 20 3 2,421
3 10 bfs drlu 3 23 10 3 3,181
4 1 bfs drlu 4 128 59 4 2,746
4 2 bfs drlu 4 99 44 4 2,370
4 3 bfs drlu 4 165 80 4 2,700
4 4 bfs drlu 4 187 88 4 5,834
4 5 bfs drlu 4 84 37 4 2,604
4 6 bfs drlu 4 150 73 4 3,487
4 7 bfs drlu 4 116 51 4 2,815
4 8 bfs drlu 4 121 58 4 2,475
4 9 bfs drlu 4 110 49 4 2,307
4 10 bfs drlu 4 133 58 4 2,327
4 11 bfs drlu 4 86 37 4 2,279
4 12 bfs drlu 4 71 30 4 2,120
4 13 bfs drlu 4 79 34 4 2,067
4 14 bfs drlu 4 145 70 4 3,689
4 15 bfs drlu 4 111 48 4 3,522
4 16 bfs drlu 4 116 55 4 4,350
4 17 bfs drlu 4 105 46 4 2,683
4 18 bfs drlu 4 128 55 4 2,846
4 19 bfs drlu 4 86 37 4 3,767
4 20 bfs drlu 4 96 41 4 2,688
4 21 bfs drlu 4 107 50 4 2,671
4 22 bfs drlu 4 96 41 4 2,293
4 23 bfs drlu 4 149 68 4 2,494
4 24 bfs drlu 4 79 34 4 2,848
5 1 bfs drlu 5 323 154 5 3,330
5 2 bfs drlu 5 434 205 5 4,465
5 3 bfs drlu 5 294 139 5 3,196
5 4 bfs drlu 5 236 107 5 3,010
5 5 bfs drlu 5 235 110 5 3,336
5 6 bfs drlu 5 301 142 5 4,197
5 7 bfs drlu 5 423 198 5 4,769
5 8 bfs drlu 5 316 147 5 3,579
5 9 bfs drlu 5 275 126 5 3,656
5 10 bfs drlu 5 341 158 5 3,955
5 11 bfs drlu 5 279 132 5 2,946
5 12 bfs drlu 5 221 100 5 2,739
5 13 bfs drlu 5 220 103 5 2,643
5 14 bfs drlu 5 286 135 5 3,231
5 15 bfs drlu 5 408 191 5 4,447
5 16 bfs drlu 5 172 75 5 2,657
5 17 bfs drlu 5 318 149 5 3,656
5 18 bfs drlu 5 191 88 5 2,679
5 19 bfs drlu 5 257 120 5 3,061
5 20 bfs drlu 5 368 175 5 3,998
5 21 bfs drlu 5 208 95 5 4,470
5 22 bfs drlu 5 230 105 5 3,067
5 23 bfs drlu 5 172 75 5 2,722
5 24 bfs drlu 5 238 107 5 4,177
5 25 bfs drlu 5 232 111 5 3,089
5 26 bfs drlu 5 142 61 5 2,324
5 27 bfs drlu 5 191 86 5 2,919
5 28 bfs drlu 5 274 129 5 3,016
5 29 bfs drlu 5 216 97 5 2,884
5 30 bfs drlu 5 215 100 5 2,688
5 31 bfs drlu 5 281 132 5 3,256
5 32 bfs drlu 5 403 188 5 4,316
5 33 bfs drlu 5 167 72 5 9,306
5 34 bfs drlu 5 313 146 5 4,333
5 35 bfs drlu 5 186 85 5 3,031
5 36 bfs drlu 5 252 117 5 3,238
5 37 bfs drlu 5 363 172 5 3,938
5 38 bfs drlu 5 203 92 5 2,857
5 39 bfs drlu 5 225 102 5 2,888
5 40 bfs drlu 5 167 72 5 2,441
5 41 bfs drlu 5 233 104 5 3,241
5 42 bfs drlu 5 142 61 5 2,479
5 43 bfs drlu 5 312 149 5 3,663
5 44 bfs drlu 5 177 80 5 2,719
5 45 bfs drlu 5 177 80 5 2,551
5 46 bfs drlu 5 243 112 5 2,931
5 47 bfs drlu 5 354 167 5 3,794
5 48 bfs drlu 5 194 87 5 2,770
5 49 bfs drlu 5 216 97 5 2,977
5 50 bfs drlu 5 267 126 5 3,123
5 51 bfs drlu 5 237 106 5 2,902
5 52 bfs drlu 5 303 138 5 3,323
5 53 bfs drlu 5 177 80 5 2,541
5 54 bfs drlu 5 354 167 5 3,694
6 1 bfs drlu 6 602 291 6 5,678
6 2 bfs drlu 6 983 460 6 10,839
6 3 bfs drlu 6 786 365 6 8,090
6 4 bfs drlu 6 671 320 6 7,042
6 5 bfs drlu 6 988 463 6 12,787
6 6 bfs drlu 6 573 276 6 9,806
6 7 bfs drlu 6 957 445 6 12,172
6 8 bfs drlu 6 740 351 6 8,571
6 9 bfs drlu 6 518 247 6 5,295
6 10 bfs drlu 6 724 344 6 7,392
6 11 bfs drlu 6 421 198 6 4,459
6 12 bfs drlu 6 720 344 6 7,688
6 13 bfs drlu 6 606 286 6 6,200
6 14 bfs drlu 6 806 376 6 8,952
6 15 bfs drlu 6 738 352 6 8,352
6 16 bfs drlu 6 574 265 6 5,501
6 17 bfs drlu 6 548 256 6 5,467
6 18 bfs drlu 6 634 301 6 6,576
6 19 bfs drlu 6 477 224 6 4,821
6 20 bfs drlu 6 515 246 6 5,364
6 21 bfs drlu 6 477 224 6 4,807
6 22 bfs drlu 6 422 197 6 4,403
6 23 bfs drlu 6 558 269 6 5,117
6 24 bfs drlu 6 942 438 6 10,044
6 25 bfs drlu 6 725 344 6 16,706
6 26 bfs drlu 6 503 240 6 4,532
6 27 bfs drlu 6 709 337 6 6,857
6 28 bfs drlu 6 406 191 6 3,793
6 29 bfs drlu 6 705 337 6 7,560
6 30 bfs drlu 6 591 279 6 6,146
6 31 bfs drlu 6 791 369 6 8,664
6 32 bfs drlu 6 723 345 6 7,820
6 33 bfs drlu 6 625 292 6 6,862
6 34 bfs drlu 6 630 295 6 10,623
6 35 bfs drlu 6 558 269 6 6,401
6 36 bfs drlu 6 474 225 6 5,726
6 37 bfs drlu 6 680 322 6 6,698
6 38 bfs drlu 6 377 176 6 3,627
6 39 bfs drlu 6 680 322 6 7,063
6 40 bfs drlu 6 522 245 6 5,071
6 41 bfs drlu 6 605 290 6 6,548
6 42 bfs drlu 6 926 433 6 11,360
6 43 bfs drlu 6 328 151 6 3,756
6 44 bfs drlu 6 866 401 6 9,850
6 45 bfs drlu 6 529 252 6 5,498
6 46 bfs drlu 6 416 195 6 4,347
6 47 bfs drlu 6 544 253 6 5,562
6 48 bfs drlu 6 319 146 6 3,840
6 49 bfs drlu 6 490 229 6 5,088
6 50 bfs drlu 6 467 220 6 5,015
6 51 bfs drlu 6 698 327 6 7,567
6 52 bfs drlu 6 386 181 6 3,957
6 53 bfs drlu 6 393 184 6 7,216
6 54 bfs drlu 6 483 226 6 9,454
6 55 bfs drlu 6 553 266 6 6,346
6 56 bfs drlu 6 937 435 6 11,503
6 57 bfs drlu 6 720 341 6 7,537
6 58 bfs drlu 6 498 237 6 5,038
6 59 bfs drlu 6 704 334 6 10,542
6 60 bfs drlu 6 401 188 6 4,480
6 61 bfs drlu 6 700 334 6 9,540
6 62 bfs drlu 6 586 276 6 6,862
6 63 bfs drlu 6 786 366 6 9,587
6 64 bfs drlu 6 718 342 6 9,094
6 65 bfs drlu 6 620 289 6 6,173
6 66 bfs drlu 6 625 292 6 6,612
6 67 bfs drlu 6 553 266 6 5,765
6 68 bfs drlu 6 469 222 6 4,247
6 69 bfs drlu 6 675 319 6 11,822
6 70 bfs drlu 6 372 173 6 3,814
6 71 bfs drlu 6 675 319 6 7,477
6 72 bfs drlu 6 517 242 6 5,021
6 73 bfs drlu 6 600 287 6 6,464
6 74 bfs drlu 6 921 430 6 11,436
6 75 bfs drlu 6 323 148 6 3,646
6 76 bfs drlu 6 861 398 6 10,737
6 77 bfs drlu 6 524 249 6 5,627
6 78 bfs drlu 6 411 192 6 4,173
6 79 bfs drlu 6 539 250 6 5,386
6 80 bfs drlu 6 314 143 6 3,643
6 81 bfs drlu 6 595 278 6 5,879
6 82 bfs drlu 6 466 219 6 4,395
6 83 bfs drlu 6 744 347 6 8,062
6 84 bfs drlu 6 873 407 6 9,884
6 85 bfs drlu 6 379 178 6 4,710
6 86 bfs drlu 6 460 217 6 7,263
6 87 bfs drlu 6 666 314 6 14,220
6 88 bfs drlu 6 363 168 6 4,064
6 89 bfs drlu 6 666 314 6 8,093
6 90 bfs drlu 6 508 237 6 5,428
6 91 bfs drlu 6 591 282 6 6,525
6 92 bfs drlu 6 912 425 6 12,033
6 93 bfs drlu 6 314 143 6 3,458
6 94 bfs drlu 6 852 393 6 10,021
6 95 bfs drlu 6 515 244 6 6,002
6 96 bfs drlu 6 421 196 6 4,466
6 97 bfs drlu 6 703 324 6 8,847
6 98 bfs drlu 6 553 262 6 5,840
6 99 bfs drlu 6 439 204 6 4,278
6 100 bfs drlu 6 477 226 6 5,046
6 101 bfs drlu 6 439 204 6 4,728
6 102 bfs drlu 6 384 177 6 4,123
6 103 bfs drlu 6 297 136 6 3,064
6 104 bfs drlu 6 835 386 6 8,926
6 105 bfs drlu 6 612 285 6 5,954
6 106 bfs drlu 6 737 345 6 8,166
6 107 bfs drlu 6 672 321 6 7,646
7 1 bfs drlu 7 1662 792 7 24,208
7 2 bfs drlu 7 1469 697 7 20,715
7 3 bfs drlu 7 1937 914 7 33,515
7 4 bfs drlu 7 2145 1014 7 46,544
7 5 bfs drlu 7 1101 519 7 14,075
7 6 bfs drlu 7 1374 651 7 22,904
7 7 bfs drlu 7 1950 922 7 39,012
7 8 bfs drlu 7 911 440 7 11,440
7 9 bfs drlu 7 1552 739 7 28,745
7 10 bfs drlu 7 1572 743 7 26,515
7 11 bfs drlu 7 1354 646 7 20,149
7 12 bfs drlu 7 1630 778 7 33,841
7 13 bfs drlu 7 1633 777 7 23,860
7 14 bfs drlu 7 1443 682 7 19,829
7 15 bfs drlu 7 1911 899 7 33,125
7 16 bfs drlu 7 2119 999 7 46,428
7 17 bfs drlu 7 1563 735 7 25,890
7 18 bfs drlu 7 1621 770 7 30,030
7 19 bfs drlu 7 1581 751 7 25,556
7 20 bfs drlu 7 1213 584 7 17,861
7 21 bfs drlu 7 2127 1005 7 48,756
7 22 bfs drlu 7 1647 783 7 25,892
7 23 bfs drlu 7 1753 831 7 31,581
7 24 bfs drlu 7 1209 584 7 16,654
7 25 bfs drlu 7 1025 488 7 12,283
7 26 bfs drlu 7 1095 526 7 14,123
7 27 bfs drlu 7 1353 634 7 18,968
7 28 bfs drlu 7 1172 559 7 16,073
7 29 bfs drlu 7 1448 691 7 21,808
7 30 bfs drlu 7 897 433 7 10,581
7 31 bfs drlu 7 1180 569 7 16,251
7 32 bfs drlu 7 889 419 7 8,790
7 33 bfs drlu 7 1172 555 7 14,219
7 34 bfs drlu 7 1712 803 7 27,908
7 35 bfs drlu 7 967 458 7 10,509
7 36 bfs drlu 7 1037 496 7 12,954
7 37 bfs drlu 7 793 382 7 8,957
7 38 bfs drlu 7 1076 518 7 14,149
7 39 bfs drlu 7 717 344 7 7,180
7 40 bfs drlu 7 1184 553 7 15,446
7 41 bfs drlu 7 853 409 7 10,719
7 42 bfs drlu 7 1131 530 7 14,914
7 43 bfs drlu 7 717 344 7 8,041
7 44 bfs drlu 7 919 441 7 10,829
7 45 bfs drlu 7 1618 770 7 23,148
7 46 bfs drlu 7 1428 675 7 20,927
7 47 bfs drlu 7 1896 892 7 33,374
7 48 bfs drlu 7 2104 992 7 40,099
7 49 bfs drlu 7 1548 728 7 23,636
7 50 bfs drlu 7 1606 763 7 29,875
7 51 bfs drlu 7 1566 744 7 26,672
7 52 bfs drlu 7 1198 577 7 17,571
7 53 bfs drlu 7 2112 998 7 38,969
7 54 bfs drlu 7 1632 776 7 25,466
7 55 bfs drlu 7 1738 824 7 29,971
7 56 bfs drlu 7 1194 577 7 16,092
7 57 bfs drlu 7 1010 481 7 11,907
7 58 bfs drlu 7 1080 519 7 14,338
7 59 bfs drlu 7 1342 627 7 19,248
7 60 bfs drlu 7 1157 552 7 15,906
7 61 bfs drlu 7 1433 684 7 21,942
7 62 bfs drlu 7 882 426 7 10,333
7 63 bfs drlu 7 1165 562 7 19,580
7 64 bfs drlu 7 1482 699 7 27,957
7 65 bfs drlu 7 2028 955 7 47,130
7 66 bfs drlu 7 1389 655 7 45,695
7 67 bfs drlu 7 1279 614 7 27,506
7 68 bfs drlu 7 896 432 7 13,218
7 69 bfs drlu 7 1537 729 7 27,076
7 70 bfs drlu 7 1169 562 7 18,516
7 71 bfs drlu 7 2083 983 7 42,775
7 72 bfs drlu 7 1603 761 7 22,463
7 73 bfs drlu 7 1713 809 7 28,206
7 74 bfs drlu 7 1169 562 7 15,825
7 75 bfs drlu 7 1390 656 7 16,941
7 76 bfs drlu 7 1089 524 7 14,913
7 77 bfs drlu 7 845 410 7 9,029
7 78 bfs drlu 7 1486 709 7 22,988
7 79 bfs drlu 7 1510 713 7 23,241
7 80 bfs drlu 7 1292 616 7 18,518
7 81 bfs drlu 7 1568 748 7 24,728
7 82 bfs drlu 7 1554 736 7 20,600
7 83 bfs drlu 7 1178 555 7 13,346
7 84 bfs drlu 7 1820 855 7 32,105
7 85 bfs drlu 7 2030 958 7 37,364
7 86 bfs drlu 7 1180 558 7 15,090
7 87 bfs drlu 7 971 469 7 11,710
7 88 bfs drlu 7 835 397 7 8,419
7 89 bfs drlu 7 1658 781 7 26,632
7 90 bfs drlu 7 1098 511 7 12,731
7 91 bfs drlu 7 1303 613 7 18,020
7 92 bfs drlu 7 1013 485 7 12,655
7 93 bfs drlu 7 820 390 7 9,030
7 94 bfs drlu 7 805 383 7 7,778
7 95 bfs drlu 7 1088 519 7 15,170
7 96 bfs drlu 7 1628 767 7 28,595
7 97 bfs drlu 7 886 422 7 10,719
7 98 bfs drlu 7 964 464 7 12,565
7 99 bfs drlu 7 1249 585 7 16,606
7 100 bfs drlu 7 1064 510 7 15,320
7 101 bfs drlu 7 1347 646 7 21,893
7 102 bfs drlu 7 805 383 7 8,929
7 103 bfs drlu 7 1628 767 7 28,993
7 104 bfs drlu 7 633 304 7 6,671
7 105 bfs drlu 7 1427 668 7 22,900
7 106 bfs drlu 7 1037 484 7 13,342
7 107 bfs drlu 7 1247 589 7 17,580
7 108 bfs drlu 7 1613 767 7 23,360
7 109 bfs drlu 7 1423 672 7 19,525
7 110 bfs drlu 7 1891 889 7 32,228
7 111 bfs drlu 7 2099 989 7 43,233
7 112 bfs drlu 7 1543 725 7 22,806
7 113 bfs drlu 7 1601 760 7 31,414
7 114 bfs drlu 7 1561 741 7 26,837
7 115 bfs drlu 7 1193 574 7 21,392
7 116 bfs drlu 7 2107 995 7 52,101
7 117 bfs drlu 7 1627 773 7 23,129
7 118 bfs drlu 7 1733 821 7 34,670
7 119 bfs drlu 7 1189 574 7 16,471
7 120 bfs drlu 7 1005 478 7 11,637
7 121 bfs drlu 7 1075 516 7 13,800
7 122 bfs drlu 7 1337 624 7 17,589
7 123 bfs drlu 7 1152 549 7 15,184
7 124 bfs drlu 7 1428 681 7 21,140
7 125 bfs drlu 7 877 423 7 9,986
7 126 bfs drlu 7 1160 559 7 15,331
7 127 bfs drlu 7 1477 696 7 19,552
7 128 bfs drlu 7 2023 952 7 36,240
7 129 bfs drlu 7 1179 550 7 14,666
7 130 bfs drlu 7 1384 652 7 20,467
7 131 bfs drlu 7 1274 611 7 17,998
7 132 bfs drlu 7 891 429 7 10,722
7 133 bfs drlu 7 1532 726 7 21,354
7 134 bfs drlu 7 1164 559 7 13,694
7 135 bfs drlu 7 2078 980 7 37,073
7 136 bfs drlu 7 1598 758 7 21,821
7 137 bfs drlu 7 1708 806 7 28,719
7 138 bfs drlu 7 1164 559 7 15,243
7 139 bfs drlu 7 1385 653 7 16,949
7 140 bfs drlu 7 1084 521 7 12,662
7 141 bfs drlu 7 840 407 7 8,969
7 142 bfs drlu 7 1481 706 7 22,548
7 143 bfs drlu 7 1505 710 7 22,934
7 144 bfs drlu 7 1287 613 7 17,664
7 145 bfs drlu 7 1563 745 7 24,294
7 146 bfs drlu 7 1549 733 7 20,079
7 147 bfs drlu 7 1173 552 7 13,223
7 148 bfs drlu 7 1815 852 7 29,853
7 149 bfs drlu 7 2025 955 7 36,548
7 150 bfs drlu 7 1175 555 7 15,001
7 151 bfs drlu 7 966 466 7 11,597
7 152 bfs drlu 7 830 394 7 8,350
7 153 bfs drlu 7 1653 778 7 26,456
7 154 bfs drlu 7 1093 508 7 12,626
7 155 bfs drlu 7 1097 510 7 13,477
7 156 bfs drlu 7 1008 482 7 12,248
7 157 bfs drlu 7 815 387 7 8,872
7 158 bfs drlu 7 1452 685 7 18,104
7 159 bfs drlu 7 1998 941 7 34,130
7 160 bfs drlu 7 1334 630 7 16,100
7 161 bfs drlu 7 1044 502 7 11,821
7 162 bfs drlu 7 1059 501 7 11,490
7 163 bfs drlu 7 1332 633 7 17,626
7 164 bfs drlu 7 1908 904 7 33,693
7 165 bfs drlu 7 1457 687 7 21,758
7 166 bfs drlu 7 1239 590 7 17,128
7 167 bfs drlu 7 1515 722 7 23,062
7 168 bfs drlu 7 1037 484 7 15,561
7 169 bfs drlu 7 619 298 7 6,525
7 170 bfs drlu 7 1523 721 7 20,901
7 171 bfs drlu 7 1155 554 7 13,745
7 172 bfs drlu 7 2069 975 7 36,011
7 173 bfs drlu 7 1589 753 7 20,922
7 174 bfs drlu 7 1699 801 7 27,560
7 175 bfs drlu 7 1155 554 7 14,789
7 176 bfs drlu 7 1376 648 7 16,693
7 177 bfs drlu 7 1075 516 7 12,490
7 178 bfs drlu 7 831 402 7 8,798
7 179 bfs drlu 7 1472 701 7 23,291
7 180 bfs drlu 7 1496 705 7 22,548
7 181 bfs drlu 7 1278 608 7 17,875
7 182 bfs drlu 7 1554 740 7 28,033
7 183 bfs drlu 7 1540 728 7 21,482
7 184 bfs drlu 7 1164 547 7 13,022
7 185 bfs drlu 7 1806 847 7 29,244
7 186 bfs drlu 7 2016 950 7 36,738
7 187 bfs drlu 7 1169 550 7 14,768
7 188 bfs drlu 7 957 461 7 11,331
7 189 bfs drlu 7 1289 607 7 15,099
7 190 bfs drlu 7 999 479 7 11,204
7 191 bfs drlu 7 1018 478 7 10,617
7 192 bfs drlu 7 1291 610 7 16,450
7 193 bfs drlu 7 1873 885 7 53,305
7 194 bfs drlu 7 793 382 7 10,198
7 195 bfs drlu 7 1434 681 7 25,573
7 196 bfs drlu 7 679 324 7 7,256
7 197 bfs drlu 7 1473 688 7 22,963
7 198 bfs drlu 7 815 389 7 9,428
7 199 bfs drlu 7 679 324 7 7,143
7 200 bfs drlu 7 881 421 7 10,150
7 201 bfs drlu 7 1523 721 7 19,532
7 202 bfs drlu 7 1147 540 7 13,015
7 203 bfs drlu 7 1789 840 7 28,883
7 204 bfs drlu 7 1999 943 7 36,886
7 205 bfs drlu 7 927 439 7 9,444
7 206 bfs drlu 7 1210 575 7 15,027
7 207 bfs drlu 7 1740 819 7 27,785
7 208 bfs drlu 7 1288 603 7 16,795
7 209 bfs drlu 7 1103 528 7 14,389
7 210 bfs drlu 7 1379 660 7 20,128
7 211 bfs drlu 7 831 402 7 10,417
7 212 bfs drlu 7 1114 538 7 14,588
