1 1 bfs drul 1 4 2 1 2,177
1 2 bfs drul 1 4 2 1 2,119
2 1 bfs drul 2 13 5 2 2,031
2 2 bfs drul 2 24 9 2 1,951
2 3 bfs drul 2 19 6 2 2,052
2 4 bfs drul 2 13 5 2 2,063
3 1 bfs drul 3 23 10 3 2,055
3 2 bfs drul 3 69 30 3 2,122
3 3 bfs drul 3 54 23 3 2,089
3 4 bfs drul 3 63 28 3 2,380
3 5 bfs drul 3 40 17 3 2,272
3 6 bfs drul 3 49 20 3 2,278
3 7 bfs drul 3 58 25 3 2,284
3 8 bfs drul 3 54 23 3 2,162
3 9 bfs drul 3 49 20 3 2,146
3 10 bfs drul 3 23 10 3 2,389
4 1 bfs drul 4 128 59 4 3,456
4 2 bfs drul 4 99 44 4 2,562
4 3 bfs drul 4 165 80 4 2,541
4 4 bfs drul 4 149 68 4 2,816
4 5 bfs drul 4 84 37 4 2,545
4 6 bfs drul 4 150 73 4 2,919
4 7 bfs drul 4 133 58 4 2,348
4 8 bfs drul 4 121 58 4 2,313
4 9 bfs drul 4 110 49 4 2,662
4 10 bfs drul 4 116 51 4 2,400
4 11 bfs drul 4 86 37 4 2,279
4 12 bfs drul 4 96 41 4 2,283
4 13 bfs drul 4 79 34 4 2,069
4 14 bfs drul 4 145 70 4 2,484
4 15 bfs drul 4 128 55 4 2,409
4 16 bfs drul 4 116 55 4 2,311
4 17 bfs drul 4 105 46 4 2,388
4 18 bfs drul 4 111 48 4 2,291
4 19 bfs drul 4 86 37 4 2,587
4 20 bfs drul 4 71 30 4 2,815
4 21 bfs drul 4 107 50 4 2,490
4 22 bfs drul 4 96 41 4 2,373
4 23 bfs drul 4 187 88 4 2,734
4 24 bfs drul 4 79 34 4 2,176
5 1 bfs drul 5 323 154 5 3,322
5 2 bfs drul 5 354 167 5 5,162
5 3 bfs drul 5 294 139 5 8,030
5 4 bfs drul 5 236 107 5 3,418
5 5 bfs drul 5 235 110 5 3,315
5 6 bfs drul 5 301 142 5 3,582
5 7 bfs drul 5 374 177 5 4,100
5 8 bfs drul 5 316 147 5 3,541
5 9 bfs drul 5 303 138 5 4,233
5 10 bfs drul 5 237 106 5 3,146
5 11 bfs drul 5 279 132 5 3,053
5 12 bfs drul 5 221 100 5 2,959
5 13 bfs drul 5 220 103 5 2,876
5 14 bfs drul 5 286 135 5 3,343
5 15 bfs drul 5 359 170 5 3,890
5 16 bfs drul 5 172 75 5 2,552
5 17 bfs drul 5 238 107 5 2,848
5 18 bfs drul 5 191 88 5 2,474
5 19 bfs drul 5 257 120 5 3,029
5 20 bfs drul 5 417 196 5 4,299
5 21 bfs drul 5 208 95 5 2,618
5 22 bfs drul 5 230 105 5 2,814
5 23 bfs drul 5 172 75 5 2,463
5 24 bfs drul 5 318 149 5 3,425
5 25 bfs drul 5 232 111 5 2,914
5 26 bfs drul 5 142 61 5 2,330
5 27 bfs drul 5 177 80 5 2,517
5 28 bfs drul 5 274 129 5 3,019
5 29 bfs drul 5 216 97 5 2,684
5 30 bfs drul 5 215 100 5 3,274
5 31 bfs drul 5 281 132 5 3,685
5 32 bfs drul 5 354 167 5 4,161
5 33 bfs drul 5 167 72 5 2,574
5 34 bfs drul 5 233 104 5 4,935
5 35 bfs drul 5 186 85 5 2,521
5 36 bfs drul 5 252 117 5 2,850
5 37 bfs drul 5 412 193 5 4,125
5 38 bfs drul 5 203 92 5 2,906
5 39 bfs drul 5 225 102 5 2,870
5 40 bfs drul 5 167 72 5 2,821
5 41 bfs drul 5 313 146 5 3,348
5 42 bfs drul 5 142 61 5 2,286
5 43 bfs drul 5 312 149 5 3,336
5 44 bfs drul 5 191 86 5 2,637
5 45 bfs drul 5 177 80 5 2,762
5 46 bfs drul 5 243 112 5 2,804
5 47 bfs drul 5 403 188 5 3,920
5 48 bfs drul 5 194 87 5 2,595
5 49 bfs drul 5 216 97 5 2,724
5 50 bfs drul 5 267 126 5 3,078
5 51 bfs drul 5 341 158 5 4,087
5 52 bfs drul 5 275 126 5 4,386
5 53 bfs drul 5 177 80 5 2,790
5 54 bfs drul 5 434 205 5 4,727
6 1 bfs drul 6 602 291 6 6,226
6 2 bfs drul 6 881 411 6 9,808
6 3 bfs drul 6 786 365 6 14,404
6 4 bfs drul 6 672 321 6 8,032
6 5 bfs drul 6 737 345 6 8,891
6 6 bfs drul 6 573 276 6 5,395
6 7 bfs drul 6 855 396 6 9,061
6 8 bfs drul 6 535 254 6 5,230
6 9 bfs drul 6 518 247 6 4,629
6 10 bfs drul 6 724 344 6 7,178
6 11 bfs drul 6 421 198 6 3,981
6 12 bfs drul 6 720 344 6 7,898
6 13 bfs drul 6 606 286 6 6,231
6 14 bfs drul 6 928 435 6 11,314
6 15 bfs drul 6 611 292 6 14,069
6 16 bfs drul 6 574 265 6 5,657
6 17 bfs drul 6 548 256 6 5,663
6 18 bfs drul 6 553 262 6 5,872
6 19 bfs drul 6 439 204 6 4,507
6 20 bfs drul 6 384 177 6 4,100
6 21 bfs drul 6 439 204 6 4,365
6 22 bfs drul 6 477 226 6 4,977
6 23 bfs drul 6 558 269 6 4,927
6 24 bfs drul 6 840 389 6 8,607
6 25 bfs drul 6 520 247 6 5,070
6 26 bfs drul 6 503 240 6 4,651
6 27 bfs drul 6 709 337 6 6,743
6 28 bfs drul 6 406 191 6 3,850
6 29 bfs drul 6 705 337 6 7,389
6 30 bfs drul 6 591 279 6 10,252
6 31 bfs drul 6 917 428 6 11,240
6 32 bfs drul 6 596 285 6 6,485
6 33 bfs drul 6 625 292 6 6,055
6 34 bfs drul 6 647 302 6 6,842
6 35 bfs drul 6 319 146 6 3,588
6 36 bfs drul 6 474 225 6 4,298
6 37 bfs drul 6 680 322 6 6,377
6 38 bfs drul 6 377 176 6 3,555
6 39 bfs drul 6 680 322 6 6,889
6 40 bfs drul 6 522 245 6 4,892
6 41 bfs drul 6 732 350 6 7,579
6 42 bfs drul 6 800 374 6 8,807
6 43 bfs drul 6 328 151 6 3,232
6 44 bfs drul 6 968 450 6 10,409
6 45 bfs drul 6 731 349 6 7,875
6 46 bfs drul 6 416 195 6 4,113
6 47 bfs drul 6 527 246 6 5,326
6 48 bfs drul 6 558 269 6 5,855
6 49 bfs drul 6 490 229 6 4,612
6 50 bfs drul 6 467 220 6 4,669
6 51 bfs drul 6 873 407 6 9,633
6 52 bfs drul 6 386 181 6 3,732
6 53 bfs drul 6 379 178 6 3,898
6 54 bfs drul 6 497 232 6 4,963
6 55 bfs drul 6 553 266 6 4,888
6 56 bfs drul 6 835 386 6 8,533
6 57 bfs drul 6 515 244 6 5,177
6 58 bfs drul 6 498 237 6 7,318
6 59 bfs drul 6 704 334 6 7,350
6 60 bfs drul 6 401 188 6 4,134
6 61 bfs drul 6 700 334 6 7,270
6 62 bfs drul 6 586 276 6 6,000
6 63 bfs drul 6 912 425 6 10,485
6 64 bfs drul 6 591 282 6 6,174
6 65 bfs drul 6 620 289 6 5,898
6 66 bfs drul 6 642 299 6 6,710
6 67 bfs drul 6 314 143 6 3,332
6 68 bfs drul 6 469 222 6 4,348
6 69 bfs drul 6 675 319 6 6,451
6 70 bfs drul 6 372 173 6 3,495
6 71 bfs drul 6 675 319 6 6,960
6 72 bfs drul 6 517 242 6 4,817
6 73 bfs drul 6 727 347 6 7,611
6 74 bfs drul 6 795 371 6 9,077
6 75 bfs drul 6 323 148 6 3,347
6 76 bfs drul 6 963 447 6 10,757
6 77 bfs drul 6 726 346 6 7,880
6 78 bfs drul 6 411 192 6 4,166
6 79 bfs drul 6 522 243 6 5,336
6 80 bfs drul 6 553 266 6 5,713
6 81 bfs drul 6 595 278 6 5,608
6 82 bfs drul 6 466 219 6 4,607
6 83 bfs drul 6 744 347 6 7,674
6 84 bfs drul 6 698 327 6 9,177
6 85 bfs drul 6 393 184 6 4,661
6 86 bfs drul 6 460 217 6 4,970
6 87 bfs drul 6 666 314 6 7,275
6 88 bfs drul 6 363 168 6 3,776
6 89 bfs drul 6 666 314 6 7,188
6 90 bfs drul 6 508 237 6 4,948
6 91 bfs drul 6 718 342 6 7,329
6 92 bfs drul 6 786 366 6 8,362
6 93 bfs drul 6 314 143 6 3,176
6 94 bfs drul 6 954 442 6 10,040
6 95 bfs drul 6 720 341 6 7,690
6 96 bfs drul 6 421 196 6 3,912
6 97 bfs drul 6 703 324 6 7,046
6 98 bfs drul 6 634 301 6 6,321
6 99 bfs drul 6 477 224 6 5,077
6 100 bfs drul 6 422 197 6 4,785
6 101 bfs drul 6 477 224 6 8,890
6 102 bfs drul 6 515 246 6 5,708
6 103 bfs drul 6 297 136 6 3,266
6 104 bfs drul 6 937 435 6 9,995
6 105 bfs drul 6 612 285 6 5,803
6 106 bfs drul 6 988 463 6 11,958
6 107 bfs drul 6 671 320 6 6,993
7 1 bfs drul 7 1662 792 7 23,766
7 2 bfs drul 7 1469 697 7 20,385
7 3 bfs drul 7 2043 965 7 35,755
7 4 bfs drul 7 1835 865 7 31,005
7 5 bfs drul 7 1101 519 7 12,294
7 6 bfs drul 7 1374 651 7 18,442
7 7 bfs drul 7 1740 819 7 28,722
7 8 bfs drul 7 831 402 7 8,862
7 9 bfs drul 7 1114 538 7 14,168
7 10 bfs drul 7 1496 705 7 22,546
7 11 bfs drul 7 1379 660 7 19,561
7 12 bfs drul 7 1103 528 7 14,330
7 13 bfs drul 7 1633 777 7 24,637
7 14 bfs drul 7 1443 682 7 19,856
7 15 bfs drul 7 2019 953 7 36,495
7 16 bfs drul 7 1809 850 7 31,448
7 17 bfs drul 7 1563 735 7 23,936
7 18 bfs drul 7 977 471 7 11,820
7 19 bfs drul 7 1581 751 7 22,754
7 20 bfs drul 7 1213 584 7 14,985
7 21 bfs drul 7 1757 831 7 28,556
7 22 bfs drul 7 1647 783 7 25,593
7 23 bfs drul 7 2121 1002 7 41,152
7 24 bfs drul 7 1209 584 7 16,161
7 25 bfs drul 7 1025 488 7 13,545
7 26 bfs drul 7 1095 526 7 14,510
7 27 bfs drul 7 1304 613 7 24,189
7 28 bfs drul 7 1570 750 7 26,029
7 29 bfs drul 7 1294 618 7 21,243
7 30 bfs drul 7 851 412 7 10,233
7 31 bfs drul 7 1492 711 7 23,078
7 32 bfs drul 7 889 419 7 9,027
7 33 bfs drul 7 1172 555 7 14,532
7 34 bfs drul 7 1922 906 7 32,064
7 35 bfs drul 7 967 458 7 10,659
7 36 bfs drul 7 1037 496 7 12,696
7 37 bfs drul 7 793 382 7 9,165
7 38 bfs drul 7 1434 681 7 21,281
7 39 bfs drul 7 679 324 7 6,547
7 40 bfs drul 7 1201 560 7 15,031
7 41 bfs drul 7 881 421 7 10,083
7 42 bfs drul 7 1097 510 7 24,456
7 43 bfs drul 7 679 324 7 7,084
7 44 bfs drul 7 815 389 7 8,976
7 45 bfs drul 7 1618 770 7 23,139
7 46 bfs drul 7 1428 675 7 19,176
7 47 bfs drul 7 2004 946 7 34,270
7 48 bfs drul 7 1794 843 7 29,670
7 49 bfs drul 7 1548 728 7 23,260
7 50 bfs drul 7 962 464 7 11,573
7 51 bfs drul 7 1566 744 7 22,401
7 52 bfs drul 7 1198 577 7 14,461
7 53 bfs drul 7 1742 824 7 27,132
7 54 bfs drul 7 1632 776 7 21,806
7 55 bfs drul 7 2106 995 7 39,959
7 56 bfs drul 7 1194 577 7 15,660
7 57 bfs drul 7 1010 481 7 11,478
7 58 bfs drul 7 1080 519 7 13,380
7 59 bfs drul 7 1293 606 7 17,156
7 60 bfs drul 7 1559 743 7 24,209
7 61 bfs drul 7 1283 611 7 17,827
7 62 bfs drul 7 836 405 7 9,508
7 63 bfs drul 7 1477 704 7 22,151
7 64 bfs drul 7 1482 699 7 18,691
7 65 bfs drul 7 1658 781 7 25,064
7 66 bfs drul 7 1406 662 7 20,287
7 67 bfs drul 7 1013 485 7 12,418
7 68 bfs drul 7 820 390 7 9,030
7 69 bfs drul 7 1537 729 7 21,295
7 70 bfs drul 7 1169 562 7 13,765
7 71 bfs drul 7 1713 809 7 26,439
7 72 bfs drul 7 1603 761 7 21,418
7 73 bfs drul 7 2083 983 7 39,801
7 74 bfs drul 7 1169 562 7 15,096
7 75 bfs drul 7 1390 656 7 16,977
7 76 bfs drul 7 1089 524 7 12,679
7 77 bfs drul 7 891 431 7 9,552
7 78 bfs drul 7 1174 567 7 15,811
7 79 bfs drul 7 1559 734 7 23,762
7 80 bfs drul 7 1442 689 7 20,915
7 81 bfs drul 7 1166 557 7 15,568
7 82 bfs drul 7 1554 736 7 20,188
7 83 bfs drul 7 1178 555 7 13,337
7 84 bfs drul 7 2130 1004 7 37,368
7 85 bfs drul 7 1922 904 7 32,578
7 86 bfs drul 7 1180 558 7 16,722
7 87 bfs drul 7 1612 768 7 25,288
7 88 bfs drul 7 835 397 7 8,486
7 89 bfs drul 7 2028 955 7 36,369
7 90 bfs drul 7 1081 504 7 12,442
7 91 bfs drul 7 1286 606 7 17,586
7 92 bfs drul 7 1279 614 7 17,334
7 93 bfs drul 7 896 432 7 10,580
7 94 bfs drul 7 805 383 7 7,746
7 95 bfs drul 7 1088 519 7 12,624
7 96 bfs drul 7 1838 870 7 29,360
7 97 bfs drul 7 886 422 7 9,151
7 98 bfs drul 7 964 464 7 11,472
7 99 bfs drul 7 1249 585 7 16,181
7 100 bfs drul 7 1515 722 7 22,273
7 101 bfs drul 7 1239 590 7 16,658
7 102 bfs drul 7 805 383 7 12,062
7 103 bfs drul 7 1998 941 7 36,063
7 104 bfs drul 7 619 298 7 5,938
7 105 bfs drul 7 1413 662 7 19,343
7 106 bfs drul 7 1051 490 7 11,682
7 107 bfs drul 7 1261 595 7 16,861
7 108 bfs drul 7 1613 767 7 22,623
7 109 bfs drul 7 1423 672 7 19,065
7 110 bfs drul 7 1999 943 7 33,636
7 111 bfs drul 7 1789 840 7 29,820
7 112 bfs drul 7 1543 725 7 22,710
7 113 bfs drul 7 957 461 7 11,600
7 114 bfs drul 7 1561 741 7 21,876
7 115 bfs drul 7 1193 574 7 14,301
7 116 bfs drul 7 1737 821 7 27,244
7 117 bfs drul 7 1627 773 7 21,678
7 118 bfs drul 7 2101 992 7 38,607
7 119 bfs drul 7 1189 574 7 15,694
7 120 bfs drul 7 1005 478 7 20,519
7 121 bfs drul 7 1075 516 7 13,469
7 122 bfs drul 7 1288 603 7 16,693
7 123 bfs drul 7 1554 740 7 23,270
7 124 bfs drul 7 1278 608 7 17,406
7 125 bfs drul 7 831 402 7 9,313
7 126 bfs drul 7 1472 701 7 22,281
7 127 bfs drul 7 1477 696 7 30,004
7 128 bfs drul 7 1653 778 7 28,499
7 129 bfs drul 7 1196 557 7 14,628
7 130 bfs drul 7 1401 659 7 19,966
7 131 bfs drul 7 1008 482 7 12,315
7 132 bfs drul 7 815 387 7 8,956
7 133 bfs drul 7 1532 726 7 20,983
7 134 bfs drul 7 1164 559 7 14,264
7 135 bfs drul 7 1708 806 7 26,263
7 136 bfs drul 7 1598 758 7 21,279
7 137 bfs drul 7 2078 980 7 39,594
7 138 bfs drul 7 1164 559 7 15,151
7 139 bfs drul 7 1385 653 7 16,792
7 140 bfs drul 7 1084 521 7 13,027
7 141 bfs drul 7 886 428 7 9,435
7 142 bfs drul 7 1169 564 7 14,945
7 143 bfs drul 7 1554 731 7 23,429
7 144 bfs drul 7 1437 686 7 20,802
7 145 bfs drul 7 1161 554 7 14,882
7 146 bfs drul 7 1549 733 7 20,798
7 147 bfs drul 7 1173 552 7 21,282
7 148 bfs drul 7 2125 1001 7 37,685
7 149 bfs drul 7 1917 901 7 32,531
7 150 bfs drul 7 1175 555 7 15,210
7 151 bfs drul 7 1607 765 7 25,511
7 152 bfs drul 7 830 394 7 10,684
7 153 bfs drul 7 2023 952 7 36,694
7 154 bfs drul 7 1076 501 7 12,379
7 155 bfs drul 7 1135 530 7 13,913
7 156 bfs drul 7 1274 611 7 16,874
7 157 bfs drul 7 891 429 7 10,138
7 158 bfs drul 7 1452 685 7 18,316
7 159 bfs drul 7 1628 767 7 24,433
7 160 bfs drul 7 1334 630 7 16,019
7 161 bfs drul 7 1044 502 7 11,917
7 162 bfs drul 7 1059 501 7 11,479
7 163 bfs drul 7 1332 633 7 17,463
7 164 bfs drul 7 1698 801 7 27,082
7 165 bfs drul 7 1457 687 7 21,632
7 166 bfs drul 7 1347 646 7 18,934
7 167 bfs drul 7 1064 510 7 13,677
7 168 bfs drul 7 1051 490 7 12,602
7 169 bfs drul 7 633 304 7 6,506
7 170 bfs drul 7 1523 721 7 24,783
7 171 bfs drul 7 1155 554 7 13,953
7 172 bfs drul 7 1699 801 7 39,592
7 173 bfs drul 7 1589 753 7 20,925
7 174 bfs drul 7 2069 975 7 37,361
7 175 bfs drul 7 1155 554 7 15,121
7 176 bfs drul 7 1376 648 7 21,038
7 177 bfs drul 7 1075 516 7 12,912
7 178 bfs drul 7 877 423 7 9,371
7 179 bfs drul 7 1160 559 7 14,838
7 180 bfs drul 7 1545 726 7 23,417
7 181 bfs drul 7 1428 681 7 20,699
7 182 bfs drul 7 1152 549 7 14,873
7 183 bfs drul 7 1540 728 7 19,974
7 184 bfs drul 7 1164 547 7 13,084
7 185 bfs drul 7 2116 996 7 37,269
7 186 bfs drul 7 1908 896 7 32,395
7 187 bfs drul 7 1169 550 7 14,809
7 188 bfs drul 7 1601 760 7 24,899
7 189 bfs drul 7 1289 607 7 17,254
7 190 bfs drul 7 999 479 7 11,114
7 191 bfs drul 7 1018 478 7 10,947
7 192 bfs drul 7 1291 610 7 16,543
7 193 bfs drul 7 1663 782 7 26,340
7 194 bfs drul 7 793 382 7 8,312
7 195 bfs drul 7 1076 518 7 13,504
7 196 bfs drul 7 717 344 7 7,261
7 197 bfs drul 7 1505 705 7 21,547
7 198 bfs drul 7 919 441 7 10,747
7 199 bfs drul 7 717 344 7 7,535
7 200 bfs drul 7 853 409 7 9,543
7 201 bfs drul 7 1523 721 7 22,759
7 202 bfs drul 7 1147 540 7 15,513
7 203 bfs drul 7 2099 989 7 37,171
7 204 bfs drul 7 1891 889 7 31,619
7 205 bfs drul 7 927 439 7 9,465
7 206 bfs drul 7 1210 575 7 21,622
7 207 bfs drul 7 1950 922 7 38,737
7 208 bfs drul 7 1364 641 7 32,979
7 209 bfs drul 7 1630 778 7 29,046
7 210 bfs drul 7 1354 646 7 21,685
7 211 bfs drul 7 911 440 7 12,038
7 212 bfs drul 7 1552 739 7 26,152
