1 1 dfs ludr 23 2293 724 25 6,231
1 2 dfs ludr 23 1592 509 25 10,576
2 1 dfs ludr 24 1426 455 25 4,716
2 2 dfs ludr 24 725 240 25 3,999
2 3 dfs ludr 24 712 236 25 3,643
2 4 dfs ludr 24 510 175 25 3,252
3 1 dfs ludr 23 9126 2834 25 19,083
3 2 dfs ludr 23 4568 1425 25 10,640
3 3 dfs ludr 23 4433 1383 25 10,145
3 4 dfs ludr 23 2293 724 25 7,500
3 5 dfs ludr 23 16419 5090 25 34,454
3 6 dfs ludr 23 4391 1370 25 16,899
3 7 dfs ludr 23 2251 711 25 6,389
3 8 dfs ludr 23 2251 711 25 6,284
3 9 dfs ludr 23 2078 659 25 5,986
3 10 dfs ludr 23 1592 509 25 8,625
4 1 dfs ludr 24 2835 891 25 7,896
4 2 dfs ludr 24 2750 864 25 7,032
4 3 dfs ludr 24 1426 455 25 4,655
4 4 dfs ludr 24 7123 2216 25 15,939
4 5 dfs ludr 24 2708 851 25 6,957
4 6 dfs ludr 24 1384 442 25 4,608
4 7 dfs ludr 24 1384 442 25 10,041
4 8 dfs ludr 24 1211 390 25 4,913
4 9 dfs ludr 24 725 240 25 3,458
4 10 dfs ludr 24 4983 1557 25 11,192
4 11 dfs ludr 24 5091 1590 25 12,079
4 12 dfs ludr 24 5091 1590 25 12,516
4 13 dfs ludr 24 2695 847 25 7,001
4 14 dfs ludr 24 1371 438 25 4,501
4 15 dfs ludr 24 1371 438 25 5,455
4 16 dfs ludr 24 1198 386 25 4,292
4 17 dfs ludr 24 712 236 25 3,443
4 18 dfs ludr 24 4970 1553 25 11,019
4 19 dfs ludr 24 14680 4549 25 29,257
4 20 dfs ludr 24 53292 16485 25 104,402
4 21 dfs ludr 24 1146 371 25 4,203
4 22 dfs ludr 24 660 221 25 3,324
4 23 dfs ludr 24 660 221 25 3,312
4 24 dfs ludr 24 510 175 25 3,005
5 1 dfs ludr 23 9126 2834 25 22,933
5 2 dfs ludr 23 44044 13624 25 103,973
5 3 dfs ludr 23 8855 2749 25 22,538
5 4 dfs ludr 23 8855 2749 25 19,351
5 5 dfs ludr 23 7717 2398 25 17,019
5 6 dfs ludr 23 4568 1425 25 11,200
5 7 dfs ludr 23 20189 6255 25 69,941
5 8 dfs ludr 23 23001 7122 25 48,742
5 9 dfs ludr 23 23001 7122 25 45,148
5 10 dfs ludr 23 170919 52832 25 356,688
5 11 dfs ludr 23 8720 2707 25 18,244
5 12 dfs ludr 23 8720 2707 25 17,955
5 13 dfs ludr 23 7582 2356 25 20,950
5 14 dfs ludr 23 4433 1383 25 10,675
5 15 dfs ludr 23 20054 6213 25 42,359
5 16 dfs ludr 23 94606 29246 25 194,824
5 17 dfs ludr 23 248154 76695 25 543,757
5 18 dfs ludr 23 7016 2183 25 16,055
5 19 dfs ludr 23 3867 1210 25 9,596
5 20 dfs ludr 23 3867 1210 25 9,173
5 21 dfs ludr 23 2293 724 25 6,650
5 22 dfs ludr 23 2293 724 25 6,278
5 23 dfs ludr 23 16068 4982 25 32,119
5 24 dfs ludr 23 16068 4982 25 31,764
5 25 dfs ludr 23 21513 6664 25 72,011
5 26 dfs ludr 23 16419 5090 25 33,549
5 27 dfs ludr 23 245049 75737 25 502,197
5 28 dfs ludr 23 8678 2694 25 19,004
5 29 dfs ludr 23 8678 2694 25 18,289
5 30 dfs ludr 23 7540 2343 25 17,746
5 31 dfs ludr 23 4391 1370 25 10,155
5 32 dfs ludr 23 20012 6200 25 41,302
5 33 dfs ludr 23 94564 29233 25 183,190
5 34 dfs ludr 23 248112 76682 25 535,184
5 35 dfs ludr 23 6974 2170 25 15,617
5 36 dfs ludr 23 3825 1197 25 10,145
5 37 dfs ludr 23 3825 1197 25 9,516
5 38 dfs ludr 23 2251 711 25 6,173
5 39 dfs ludr 23 2251 711 25 6,495
5 40 dfs ludr 23 16026 4969 25 31,594
5 41 dfs ludr 23 16026 4969 25 30,931
5 42 dfs ludr 23 95186 29426 25 186,742
5 43 dfs ludr 23 47466 14679 25 99,566
5 44 dfs ludr 23 172402 53291 25 382,561
5 45 dfs ludr 23 6801 2118 25 15,117
5 46 dfs ludr 23 3652 1145 25 9,056
5 47 dfs ludr 23 3652 1145 25 8,833
5 48 dfs ludr 23 2078 659 25 5,904
5 49 dfs ludr 23 2078 659 25 5,950
5 50 dfs ludr 23 44531 13775 25 88,940
5 51 dfs ludr 23 2078 659 25 6,166
5 52 dfs ludr 23 170003 52552 25 378,708
5 53 dfs ludr 23 1592 509 25 5,225
5 54 dfs ludr 23 1592 509 25 5,294
6 1 dfs ludr 24 2835 891 25 8,052
6 2 dfs ludr 24 10212 3173 25 28,171
6 3 dfs ludr 24 13625 4225 25 28,539
6 4 dfs ludr 24 13625 4225 25 37,718
6 5 dfs ludr 24 73274 22658 25 140,859
6 6 dfs ludr 24 2750 864 25 7,208
6 7 dfs ludr 24 10127 3146 25 23,718
6 8 dfs ludr 24 152504 47137 25 319,166
6 9 dfs ludr 24 2399 756 25 7,259
6 10 dfs ludr 24 2399 756 25 7,062
6 11 dfs ludr 24 1426 455 25 4,941
6 12 dfs ludr 24 1426 455 25 4,856
6 13 dfs ludr 24 6256 1950 25 15,386
6 14 dfs ludr 24 6256 1950 25 14,623
6 15 dfs ludr 24 50828 15725 25 98,356
6 16 dfs ludr 24 12217 3790 25 25,267
6 17 dfs ludr 24 7123 2216 25 15,733
6 18 dfs ludr 24 51695 15991 25 110,330
6 19 dfs ludr 24 149343 46159 25 337,504
6 20 dfs ludr 24 557741 172367 25 1246,192
6 21 dfs ludr 24 52833 16342 25 101,717
6 22 dfs ludr 24 52833 16342 25 105,247
6 23 dfs ludr 24 2708 851 25 6,860
6 24 dfs ludr 24 10085 3133 25 20,649
6 25 dfs ludr 24 152462 47124 25 308,056
6 26 dfs ludr 24 2357 743 25 11,176
6 27 dfs ludr 24 2357 743 25 6,397
6 28 dfs ludr 24 1384 442 25 5,388
6 29 dfs ludr 24 1384 442 25 4,914
6 30 dfs ludr 24 6214 1937 25 14,580
6 31 dfs ludr 24 6214 1937 25 16,856
6 32 dfs ludr 24 50786 15712 25 98,343
6 33 dfs ludr 24 29247 9051 25 63,457
6 34 dfs ludr 24 76696 23713 25 161,936
6 35 dfs ludr 24 558185 172504 25 1251,489
6 36 dfs ludr 24 2184 691 25 9,207
6 37 dfs ludr 24 2184 691 25 6,499
6 38 dfs ludr 24 1211 390 25 4,913
6 39 dfs ludr 24 1211 390 25 4,368
6 40 dfs ludr 24 26848 8312 25 51,563
6 41 dfs ludr 24 1211 390 25 7,459
6 42 dfs ludr 24 72623 22458 25 146,739
6 43 dfs ludr 24 725 240 25 3,402
6 44 dfs ludr 24 725 240 25 3,532
6 45 dfs ludr 24 725 240 25 3,616
6 46 dfs ludr 24 4983 1557 25 11,317
6 47 dfs ludr 24 74713 23102 25 152,711
6 48 dfs ludr 24 4983 1557 25 11,192
6 49 dfs ludr 24 11759 3650 25 24,403
6 50 dfs ludr 24 6665 2076 25 16,676
6 51 dfs ludr 24 6665 2076 25 22,826
6 52 dfs ludr 24 5091 1590 25 11,999
6 53 dfs ludr 24 154272 47684 25 322,538
6 54 dfs ludr 24 75738 23418 25 161,677
6 55 dfs ludr 24 2695 847 25 8,024
6 56 dfs ludr 24 10072 3129 25 20,286
6 57 dfs ludr 24 152449 47120 25 307,851
6 58 dfs ludr 24 2344 739 25 6,434
6 59 dfs ludr 24 2344 739 25 6,297
6 60 dfs ludr 24 1371 438 25 4,459
6 61 dfs ludr 24 1371 438 25 4,651
6 62 dfs ludr 24 6201 1933 25 17,841
6 63 dfs ludr 24 6201 1933 25 14,441
6 64 dfs ludr 24 50773 15708 25 103,033
6 65 dfs ludr 24 29234 9047 25 61,775
6 66 dfs ludr 24 76683 23709 25 161,467
6 67 dfs ludr 24 558172 172500 25 1228,126
6 68 dfs ludr 24 2171 687 25 5,808
6 69 dfs ludr 24 2171 687 25 6,540
6 70 dfs ludr 24 1198 386 25 4,636
6 71 dfs ludr 24 1198 386 25 4,570
6 72 dfs ludr 24 26835 8308 25 51,868
6 73 dfs ludr 24 1198 386 25 5,325
6 74 dfs ludr 24 72610 22454 25 140,769
6 75 dfs ludr 24 712 236 25 6,211
6 76 dfs ludr 24 712 236 25 3,454
6 77 dfs ludr 24 712 236 25 3,598
6 78 dfs ludr 24 4970 1553 25 11,043
6 79 dfs ludr 24 69039 21352 25 130,254
6 80 dfs ludr 24 4970 1553 25 11,562
6 81 dfs ludr 24 29427 9107 25 59,586
6 82 dfs ludr 24 28554 8836 25 57,793
6 83 dfs ludr 24 14680 4549 25 29,435
6 84 dfs ludr 24 74329 22982 25 168,549
6 85 dfs ludr 24 53292 16485 25 109,458
6 86 dfs ludr 24 2119 672 25 6,464
6 87 dfs ludr 24 2119 672 25 6,436
6 88 dfs ludr 24 1146 371 25 4,972
6 89 dfs ludr 24 1146 371 25 4,841
6 90 dfs ludr 24 26783 8293 25 58,640
6 91 dfs ludr 24 1146 371 25 5,117
6 92 dfs ludr 24 72558 22439 25 158,631
6 93 dfs ludr 24 660 221 25 3,787
6 94 dfs ludr 24 660 221 25 3,519
6 95 dfs ludr 24 660 221 25 4,293
6 96 dfs ludr 24 27650 8559 25 64,428
6 97 dfs ludr 24 13776 4272 25 27,904
6 98 dfs ludr 24 13776 4272 25 27,312
6 99 dfs ludr 24 153177 47347 25 376,278
6 100 dfs ludr 24 557461 172283 25 1158,844
6 101 dfs ludr 24 52553 16258 25 99,192
6 102 dfs ludr 24 52553 16258 25 99,608
6 103 dfs ludr 24 510 175 25 3,372
6 104 dfs ludr 24 510 175 25 2,961
6 105 dfs ludr 24 10434 3244 25 21,137
6 106 dfs ludr 24 510 175 25 3,265
6 107 dfs ludr 24 49912 15445 25 111,210
7 1 dfs ludr 23 9126 2834 25 19,438
7 2 dfs ludr 23 32990 10211 25 73,769
7 3 dfs ludr 23 32990 10211 25 64,106
7 4 dfs ludr 23 196529 60751 25 433,867
7 5 dfs ludr 23 77017 23813 25 156,349
7 6 dfs ludr 23 44044 13624 25 87,344
7 7 dfs ludr 23 207583 64164 25 430,717
7 8 dfs ludr 23 963701 297807 25 2028,042
7 9 dfs ludr 23 2596359 802330 25 5273,869
7 10 dfs ludr 23 237069 73273 25 478,134
7 11 dfs ludr 23 237069 73273 25 472,117
7 12 dfs ludr 23 1786075 551943 25 3721,985
7 13 dfs ludr 23 8855 2749 25 18,129
7 14 dfs ludr 23 32719 10126 25 62,915
7 15 dfs ludr 23 32719 10126 25 63,112
7 16 dfs ludr 23 196258 60666 25 390,701
7 17 dfs ludr 23 493482 152503 25 1066,611
7 18 dfs ludr 23 2601182 803819 25 5279,628
7 19 dfs ludr 23 7717 2398 25 16,527
7 20 dfs ludr 23 7717 2398 25 16,177
7 21 dfs ludr 23 449521 138922 25 887,436
7 22 dfs ludr 23 4568 1425 25 11,226
7 23 dfs ludr 23 4568 1425 25 10,406
7 24 dfs ludr 23 4568 1425 25 10,462
7 25 dfs ludr 23 20189 6255 25 41,845
7 26 dfs ludr 23 20189 6255 25 41,914
7 27 dfs ludr 23 464804 143645 25 984,904
7 28 dfs ludr 23 20189 6255 25 41,660
7 29 dfs ludr 23 1778706 549668 25 3651,338
7 30 dfs ludr 23 164422 50827 25 342,788
7 31 dfs ludr 23 164422 50827 25 323,973
7 32 dfs ludr 23 72460 22405 25 136,098
7 33 dfs ludr 23 39487 12216 25 77,124
7 34 dfs ludr 23 39487 12216 25 74,124
7 35 dfs ludr 23 23001 7122 25 46,805
7 36 dfs ludr 23 23001 7122 25 45,576
7 37 dfs ludr 23 167234 51694 25 344,001
7 38 dfs ludr 23 167234 51694 25 355,999
7 39 dfs ludr 23 996280 307877 25 2159,373
7 40 dfs ludr 23 483258 149342 25 1020,217
7 41 dfs ludr 23 1804838 557740 25 3750,141
7 42 dfs ludr 23 224269 69318 25 448,276
7 43 dfs ludr 23 170919 52832 25 373,076
7 44 dfs ludr 23 2610234 806618 25 5357,297
7 45 dfs ludr 23 8720 2707 25 18,045
7 46 dfs ludr 23 32584 10084 25 66,425
7 47 dfs ludr 23 32584 10084 25 62,892
7 48 dfs ludr 23 196123 60624 25 388,225
7 49 dfs ludr 23 493347 152461 25 1093,979
7 50 dfs ludr 23 2601047 803777 25 5235,970
7 51 dfs ludr 23 7582 2356 25 16,505
7 52 dfs ludr 23 7582 2356 25 16,129
7 53 dfs ludr 23 449386 138880 25 905,409
7 54 dfs ludr 23 4433 1383 25 9,996
7 55 dfs ludr 23 4433 1383 25 11,038
7 56 dfs ludr 23 4433 1383 25 10,116
7 57 dfs ludr 23 20054 6213 25 46,207
7 58 dfs ludr 23 20054 6213 25 41,529
7 59 dfs ludr 23 407605 125972 25 884,486
7 60 dfs ludr 23 20054 6213 25 40,629
7 61 dfs ludr 23 1778571 549626 25 3705,510
7 62 dfs ludr 23 164287 50785 25 351,318
7 63 dfs ludr 23 164287 50785 25 331,514
7 64 dfs ludr 23 94606 29246 25 181,908
7 65 dfs ludr 23 460276 142244 25 1005,688
7 66 dfs ludr 23 248154 76695 25 505,734
7 67 dfs ludr 23 1797160 555365 25 3718,671
7 68 dfs ludr 23 1806277 558184 25 3787,005
7 69 dfs ludr 23 7016 2183 25 15,565
7 70 dfs ludr 23 7016 2183 25 15,318
7 71 dfs ludr 23 448820 138707 25 903,442
7 72 dfs ludr 23 3867 1210 25 9,109
7 73 dfs ludr 23 3867 1210 25 9,164
7 74 dfs ludr 23 3867 1210 25 9,313
7 75 dfs ludr 23 86835 26847 25 177,888
7 76 dfs ludr 23 86835 26847 25 174,055
7 77 dfs ludr 23 986263 304784 25 2166,261
7 78 dfs ludr 23 2594249 801679 25 5278,102
7 79 dfs ludr 23 234959 72622 25 477,491
7 80 dfs ludr 23 234959 72622 25 516,662
7 81 dfs ludr 23 1783965 551292 25 3745,545
7 82 dfs ludr 23 2293 724 25 6,720
7 83 dfs ludr 23 59130 18290 25 109,346
7 84 dfs ludr 23 2293 724 25 6,317
7 85 dfs ludr 23 189696 58641 25 381,265
7 86 dfs ludr 23 212678 65739 25 465,850
7 87 dfs ludr 23 2293 724 25 6,471
7 88 dfs ludr 23 16068 4982 25 32,419
7 89 dfs ludr 23 16068 4982 25 31,901
7 90 dfs ludr 23 476831 147359 25 1018,771
7 91 dfs ludr 23 241727 74712 25 506,465
7 92 dfs ludr 23 241727 74712 25 515,361
7 93 dfs ludr 23 2608395 806052 25 5380,946
7 94 dfs ludr 23 70972 21947 25 131,806
7 95 dfs ludr 23 37999 11758 25 74,526
7 96 dfs ludr 23 37999 11758 25 72,479
7 97 dfs ludr 23 21513 6664 25 44,026
7 98 dfs ludr 23 21513 6664 25 43,184
7 99 dfs ludr 23 466128 144054 25 1021,232
7 100 dfs ludr 23 21513 6664 25 44,422
7 101 dfs ludr 23 1752130 541454 25 3699,236
7 102 dfs ludr 23 16419 5090 25 32,177
7 103 dfs ludr 23 16419 5090 25 32,208
7 104 dfs ludr 23 998913 308692 25 2123,915
7 105 dfs ludr 23 499199 154271 25 1065,988
7 106 dfs ludr 23 480153 148384 25 1053,249
7 107 dfs ludr 23 245049 75737 25 515,174
7 108 dfs ludr 23 8678 2694 25 18,397
7 109 dfs ludr 23 32542 10071 25 63,075
7 110 dfs ludr 23 32542 10071 25 62,592
7 111 dfs ludr 23 196081 60611 25 398,894
7 112 dfs ludr 23 493305 152448 25 1057,089
7 113 dfs ludr 23 2601005 803764 25 5322,566
7 114 dfs ludr 23 7540 2343 25 16,132
7 115 dfs ludr 23 7540 2343 25 16,364
7 116 dfs ludr 23 449344 138867 25 921,694
7 117 dfs ludr 23 4391 1370 25 11,005
7 118 dfs ludr 23 4391 1370 25 10,798
7 119 dfs ludr 23 4391 1370 25 10,056
7 120 dfs ludr 23 20012 6200 25 40,545
7 121 dfs ludr 23 20012 6200 25 40,487
7 122 dfs ludr 23 407563 125959 25 888,895
7 123 dfs ludr 23 20012 6200 25 40,139
7 124 dfs ludr 23 1778529 549613 25 3725,447
7 125 dfs ludr 23 164245 50772 25 325,226
7 126 dfs ludr 23 164245 50772 25 325,437
7 127 dfs ludr 23 94564 29233 25 179,650
7 128 dfs ludr 23 460234 142231 25 949,411
7 129 dfs ludr 23 483216 149329 25 1006,998
7 130 dfs ludr 23 248112 76682 25 527,634
7 131 dfs ludr 23 1797118 555352 25 3781,949
7 132 dfs ludr 23 1806235 558171 25 3718,455
7 133 dfs ludr 23 6974 2170 25 15,296
7 134 dfs ludr 23 6974 2170 25 15,107
7 135 dfs ludr 23 448778 138694 25 907,471
7 136 dfs ludr 23 3825 1197 25 8,936
7 137 dfs ludr 23 3825 1197 25 9,458
7 138 dfs ludr 23 3825 1197 25 9,831
7 139 dfs ludr 23 86793 26834 25 185,598
7 140 dfs ludr 23 86793 26834 25 174,186
7 141 dfs ludr 23 986221 304771 25 2051,487
7 142 dfs ludr 23 2594207 801666 25 5245,312
7 143 dfs ludr 23 234917 72609 25 471,250
7 144 dfs ludr 23 234917 72609 25 507,752
7 145 dfs ludr 23 1783923 551279 25 3717,362
7 146 dfs ludr 23 2251 711 25 6,193
7 147 dfs ludr 23 59088 18277 25 109,595
7 148 dfs ludr 23 2251 711 25 6,448
7 149 dfs ludr 23 189654 58628 25 382,614
7 150 dfs ludr 23 212636 65726 25 478,365
7 151 dfs ludr 23 2251 711 25 6,676
7 152 dfs ludr 23 16026 4969 25 32,274
7 153 dfs ludr 23 16026 4969 25 31,620
7 154 dfs ludr 23 476789 147346 25 1043,379
7 155 dfs ludr 23 223353 69038 25 472,624
7 156 dfs ludr 23 223353 69038 25 450,037
7 157 dfs ludr 23 2608353 806039 25 5318,001
7 158 dfs ludr 23 95186 29426 25 185,181
7 159 dfs ludr 23 460856 142424 25 937,550
7 160 dfs ludr 23 92367 28553 25 211,802
7 161 dfs ludr 23 92367 28553 25 193,699
7 162 dfs ludr 23 80439 24868 25 171,538
7 163 dfs ludr 23 47466 14679 25 91,041
7 164 dfs ludr 23 211005 65219 25 482,052
7 165 dfs ludr 23 240491 74328 25 545,715
7 166 dfs ludr 23 240491 74328 25 490,976
7 167 dfs ludr 23 1789497 552998 25 3709,507
7 168 dfs ludr 23 225752 69777 25 449,020
7 169 dfs ludr 23 172402 53291 25 343,971
7 170 dfs ludr 23 6801 2118 25 14,864
7 171 dfs ludr 23 6801 2118 25 14,748
7 172 dfs ludr 23 448605 138642 25 914,483
7 173 dfs ludr 23 3652 1145 25 8,649
7 174 dfs ludr 23 3652 1145 25 8,906
7 175 dfs ludr 23 3652 1145 25 8,895
7 176 dfs ludr 23 86620 26782 25 179,964
7 177 dfs ludr 23 86620 26782 25 182,110
7 178 dfs ludr 23 986048 304719 25 2057,535
7 179 dfs ludr 23 2594034 801614 25 5321,784
7 180 dfs ludr 23 234744 72557 25 465,214
7 181 dfs ludr 23 234744 72557 25 497,243
7 182 dfs ludr 23 1783750 551227 25 3669,940
7 183 dfs ludr 23 2078 659 25 5,829
7 184 dfs ludr 23 58915 18225 25 109,187
7 185 dfs ludr 23 2078 659 25 5,783
7 186 dfs ludr 23 189481 58576 25 376,142
7 187 dfs ludr 23 161446 49911 25 377,898
7 188 dfs ludr 23 2078 659 25 5,888
7 189 dfs ludr 23 89432 27649 25 177,594
7 190 dfs ludr 23 89432 27649 25 189,648
7 191 dfs ludr 23 77504 23964 25 165,194
7 192 dfs ludr 23 44531 13775 25 88,120
7 193 dfs ludr 23 208070 64315 25 449,836
7 194 dfs ludr 23 988860 305586 25 2133,230
7 195 dfs ludr 23 2355812 727998 25 4933,803
7 196 dfs ludr 23 995364 307597 25 2089,476
7 197 dfs ludr 23 495650 153176 25 1027,415
7 198 dfs ludr 23 1803922 557460 25 3790,409
7 199 dfs ludr 23 170003 52552 25 347,828
7 200 dfs ludr 23 2609318 806338 25 5368,442
7 201 dfs ludr 23 1592 509 25 4,949
7 202 dfs ludr 23 58429 18075 25 109,232
7 203 dfs ludr 23 1592 509 25 5,207
7 204 dfs ludr 23 188995 58426 25 412,726
7 205 dfs ludr 23 66672 20622 25 129,458
7 206 dfs ludr 23 33699 10433 25 69,805
7 207 dfs ludr 23 33699 10433 25 65,275
7 208 dfs ludr 23 461828 142729 25 967,675
7 209 dfs ludr 23 1592 509 25 5,338
7 210 dfs ludr 23 1775730 548752 25 3763,052
7 211 dfs ludr 23 161446 49911 25 339,589
7 212 dfs ludr 23 161446 49911 25 357,457
