1 1 dfs ulrd 23 1592 509 25 4,958
1 2 dfs ulrd 23 2293 724 25 6,138
2 1 dfs ulrd 24 510 175 25 2,929
2 2 dfs ulrd 24 712 236 25 3,365
2 3 dfs ulrd 24 725 240 25 3,419
2 4 dfs ulrd 24 1426 455 25 4,696
3 1 dfs ulrd 23 1592 509 25 5,036
3 2 dfs ulrd 23 2078 659 25 5,842
3 3 dfs ulrd 23 2251 711 25 6,145
3 4 dfs ulrd 23 4391 1370 25 10,136
3 5 dfs ulrd 23 2251 711 25 6,162
3 6 dfs ulrd 23 2293 724 25 6,720
3 7 dfs ulrd 23 4433 1383 25 11,464
3 8 dfs ulrd 23 16419 5090 25 39,405
3 9 dfs ulrd 23 4568 1425 25 11,078
3 10 dfs ulrd 23 9126 2834 25 19,154
4 1 dfs ulrd 24 510 175 25 3,031
4 2 dfs ulrd 24 660 221 25 5,494
4 3 dfs ulrd 24 1146 371 25 4,170
4 4 dfs ulrd 24 660 221 25 3,340
4 5 dfs ulrd 24 712 236 25 3,940
4 6 dfs ulrd 24 1198 386 25 4,503
4 7 dfs ulrd 24 4970 1553 25 11,627
4 8 dfs ulrd 24 1371 438 25 7,754
4 9 dfs ulrd 24 2695 847 25 7,145
4 10 dfs ulrd 24 1371 438 25 4,572
4 11 dfs ulrd 24 14680 4549 25 29,640
4 12 dfs ulrd 24 53292 16485 25 139,638
4 13 dfs ulrd 24 725 240 25 3,425
4 14 dfs ulrd 24 1211 390 25 4,399
4 15 dfs ulrd 24 4983 1557 25 11,605
4 16 dfs ulrd 24 1384 442 25 4,686
4 17 dfs ulrd 24 2708 851 25 7,119
4 18 dfs ulrd 24 1384 442 25 4,734
4 19 dfs ulrd 24 5091 1590 25 11,709
4 20 dfs ulrd 24 5091 1590 25 10,959
4 21 dfs ulrd 24 1426 455 25 4,699
4 22 dfs ulrd 24 2750 864 25 7,508
4 23 dfs ulrd 24 7123 2216 25 24,110
4 24 dfs ulrd 24 2835 891 25 7,461
5 1 dfs ulrd 23 1592 509 25 5,330
5 2 dfs ulrd 23 1592 509 25 5,008
5 3 dfs ulrd 23 2078 659 25 5,871
5 4 dfs ulrd 23 2078 659 25 10,209
5 5 dfs ulrd 23 3652 1145 25 8,850
5 6 dfs ulrd 23 6801 2118 25 16,157
5 7 dfs ulrd 23 3652 1145 25 8,760
5 8 dfs ulrd 23 44531 13775 25 87,081
5 9 dfs ulrd 23 170003 52552 25 359,681
5 10 dfs ulrd 23 2078 659 25 5,809
5 11 dfs ulrd 23 2251 711 25 6,158
5 12 dfs ulrd 23 2251 711 25 5,964
5 13 dfs ulrd 23 3825 1197 25 8,963
5 14 dfs ulrd 23 6974 2170 25 15,261
5 15 dfs ulrd 23 3825 1197 25 9,093
5 16 dfs ulrd 23 16026 4969 25 37,675
5 17 dfs ulrd 23 16026 4969 25 30,542
5 18 dfs ulrd 23 4391 1370 25 9,862
5 19 dfs ulrd 23 7540 2343 25 16,438
5 20 dfs ulrd 23 20012 6200 25 64,610
5 21 dfs ulrd 23 8678 2694 25 21,292
5 22 dfs ulrd 23 8678 2694 25 18,110
5 23 dfs ulrd 23 94564 29233 25 175,195
5 24 dfs ulrd 23 248112 76682 25 592,442
5 25 dfs ulrd 23 47466 14679 25 120,007
5 26 dfs ulrd 23 95186 29426 25 222,425
5 27 dfs ulrd 23 172402 53291 25 342,585
5 28 dfs ulrd 23 2293 724 25 9,690
5 29 dfs ulrd 23 2293 724 25 6,246
5 30 dfs ulrd 23 3867 1210 25 9,109
5 31 dfs ulrd 23 7016 2183 25 15,261
5 32 dfs ulrd 23 3867 1210 25 8,731
5 33 dfs ulrd 23 16068 4982 25 31,001
5 34 dfs ulrd 23 16068 4982 25 30,871
5 35 dfs ulrd 23 4433 1383 25 10,093
5 36 dfs ulrd 23 7582 2356 25 15,896
5 37 dfs ulrd 23 20054 6213 25 50,371
5 38 dfs ulrd 23 8720 2707 25 18,437
5 39 dfs ulrd 23 8720 2707 25 18,809
5 40 dfs ulrd 23 94606 29246 25 180,552
5 41 dfs ulrd 23 248154 76695 25 515,263
5 42 dfs ulrd 23 16419 5090 25 40,991
5 43 dfs ulrd 23 21513 6664 25 42,277
5 44 dfs ulrd 23 245049 75737 25 578,164
5 45 dfs ulrd 23 4568 1425 25 10,419
5 46 dfs ulrd 23 7717 2398 25 16,979
5 47 dfs ulrd 23 20189 6255 25 39,752
5 48 dfs ulrd 23 8855 2749 25 18,474
5 49 dfs ulrd 23 8855 2749 25 18,741
5 50 dfs ulrd 23 23001 7122 25 92,384
5 51 dfs ulrd 23 170919 52832 25 479,675
5 52 dfs ulrd 23 23001 7122 25 46,950
5 53 dfs ulrd 23 9126 2834 25 18,312
5 54 dfs ulrd 23 44044 13624 25 114,807
6 1 dfs ulrd 24 510 175 25 3,085
6 2 dfs ulrd 24 510 175 25 3,020
6 3 dfs ulrd 24 10434 3244 25 21,333
6 4 dfs ulrd 24 49912 15445 25 134,961
6 5 dfs ulrd 24 510 175 25 3,064
6 6 dfs ulrd 24 660 221 25 3,285
6 7 dfs ulrd 24 660 221 25 3,288
6 8 dfs ulrd 24 660 221 25 3,347
6 9 dfs ulrd 24 1146 371 25 4,162
6 10 dfs ulrd 24 1146 371 25 4,161
6 11 dfs ulrd 24 2119 672 25 5,970
6 12 dfs ulrd 24 2119 672 25 6,439
6 13 dfs ulrd 24 26783 8293 25 59,695
6 14 dfs ulrd 24 72558 22439 25 170,063
6 15 dfs ulrd 24 1146 371 25 4,162
6 16 dfs ulrd 24 13776 4272 25 27,571
6 17 dfs ulrd 24 27650 8559 25 56,641
6 18 dfs ulrd 24 13776 4272 25 39,701
6 19 dfs ulrd 24 52553 16258 25 160,649
6 20 dfs ulrd 24 52553 16258 25 142,973
6 21 dfs ulrd 24 153177 47347 25 384,110
6 22 dfs ulrd 24 557461 172283 25 1353,270
6 23 dfs ulrd 24 712 236 25 3,428
6 24 dfs ulrd 24 712 236 25 3,519
6 25 dfs ulrd 24 712 236 25 3,389
6 26 dfs ulrd 24 1198 386 25 4,240
6 27 dfs ulrd 24 1198 386 25 5,686
6 28 dfs ulrd 24 2171 687 25 5,994
6 29 dfs ulrd 24 2171 687 25 5,963
6 30 dfs ulrd 24 26835 8308 25 59,721
6 31 dfs ulrd 24 72610 22454 25 287,868
6 32 dfs ulrd 24 1198 386 25 7,075
6 33 dfs ulrd 24 4970 1553 25 19,745
6 34 dfs ulrd 24 69039 21352 25 169,759
6 35 dfs ulrd 24 4970 1553 25 11,685
6 36 dfs ulrd 24 1371 438 25 4,635
6 37 dfs ulrd 24 1371 438 25 4,902
6 38 dfs ulrd 24 2344 739 25 10,971
6 39 dfs ulrd 24 2344 739 25 6,110
6 40 dfs ulrd 24 6201 1933 25 14,553
6 41 dfs ulrd 24 50773 15708 25 122,616
6 42 dfs ulrd 24 6201 1933 25 14,195
6 43 dfs ulrd 24 2695 847 25 7,740
6 44 dfs ulrd 24 10072 3129 25 22,033
6 45 dfs ulrd 24 152449 47120 25 316,505
6 46 dfs ulrd 24 29234 9047 25 89,000
6 47 dfs ulrd 24 76683 23709 25 209,851
6 48 dfs ulrd 24 558172 172500 25 1387,422
6 49 dfs ulrd 24 14680 4549 25 30,008
6 50 dfs ulrd 24 28554 8836 25 57,084
6 51 dfs ulrd 24 74329 22982 25 178,218
6 52 dfs ulrd 24 29427 9107 25 63,675
6 53 dfs ulrd 24 53292 16485 25 116,014
6 54 dfs ulrd 24 75738 23418 25 177,558
6 55 dfs ulrd 24 725 240 25 12,579
6 56 dfs ulrd 24 725 240 25 3,390
6 57 dfs ulrd 24 725 240 25 4,438
6 58 dfs ulrd 24 1211 390 25 4,388
6 59 dfs ulrd 24 1211 390 25 4,349
6 60 dfs ulrd 24 2184 691 25 6,933
6 61 dfs ulrd 24 2184 691 25 8,716
6 62 dfs ulrd 24 26848 8312 25 56,445
6 63 dfs ulrd 24 72623 22458 25 164,826
6 64 dfs ulrd 24 1211 390 25 7,498
6 65 dfs ulrd 24 4983 1557 25 11,449
6 66 dfs ulrd 24 74713 23102 25 173,839
6 67 dfs ulrd 24 4983 1557 25 18,393
6 68 dfs ulrd 24 1384 442 25 5,819
6 69 dfs ulrd 24 1384 442 25 5,482
6 70 dfs ulrd 24 2357 743 25 12,687
6 71 dfs ulrd 24 2357 743 25 6,892
6 72 dfs ulrd 24 6214 1937 25 15,934
6 73 dfs ulrd 24 50786 15712 25 96,255
6 74 dfs ulrd 24 6214 1937 25 13,917
6 75 dfs ulrd 24 2708 851 25 6,905
6 76 dfs ulrd 24 10085 3133 25 21,685
6 77 dfs ulrd 24 152462 47124 25 349,323
6 78 dfs ulrd 24 29247 9051 25 71,228
6 79 dfs ulrd 24 76696 23713 25 175,216
6 80 dfs ulrd 24 558185 172504 25 1331,577
6 81 dfs ulrd 24 5091 1590 25 11,484
6 82 dfs ulrd 24 6665 2076 25 16,349
6 83 dfs ulrd 24 11759 3650 25 24,038
6 84 dfs ulrd 24 6665 2076 25 15,891
6 85 dfs ulrd 24 154272 47684 25 310,887
6 86 dfs ulrd 24 1426 455 25 4,861
6 87 dfs ulrd 24 1426 455 25 4,564
6 88 dfs ulrd 24 2399 756 25 6,451
6 89 dfs ulrd 24 2399 756 25 10,930
6 90 dfs ulrd 24 6256 1950 25 16,289
6 91 dfs ulrd 24 50828 15725 25 97,069
6 92 dfs ulrd 24 6256 1950 25 14,059
6 93 dfs ulrd 24 2750 864 25 7,121
6 94 dfs ulrd 24 10127 3146 25 21,110
6 95 dfs ulrd 24 152504 47137 25 328,436
6 96 dfs ulrd 24 7123 2216 25 16,162
6 97 dfs ulrd 24 12217 3790 25 25,955
6 98 dfs ulrd 24 51695 15991 25 118,402
6 99 dfs ulrd 24 52833 16342 25 134,647
6 100 dfs ulrd 24 52833 16342 25 127,471
6 101 dfs ulrd 24 149343 46159 25 348,527
6 102 dfs ulrd 24 557741 172367 25 1251,231
6 103 dfs ulrd 24 2835 891 25 7,323
6 104 dfs ulrd 24 10212 3173 25 20,730
6 105 dfs ulrd 24 13625 4225 25 28,062
6 106 dfs ulrd 24 73274 22658 25 136,492
6 107 dfs ulrd 24 13625 4225 25 27,317
7 1 dfs ulrd 23 1592 509 25 4,783
7 2 dfs ulrd 23 58429 18075 25 108,876
7 3 dfs ulrd 23 188995 58426 25 432,669
7 4 dfs ulrd 23 1592 509 25 4,897
7 5 dfs ulrd 23 33699 10433 25 75,256
7 6 dfs ulrd 23 66672 20622 25 133,706
7 7 dfs ulrd 23 33699 10433 25 66,344
7 8 dfs ulrd 23 161446 49911 25 401,838
7 9 dfs ulrd 23 161446 49911 25 356,694
7 10 dfs ulrd 23 461828 142729 25 1011,539
7 11 dfs ulrd 23 1775730 548752 25 3662,540
7 12 dfs ulrd 23 1592 509 25 5,300
7 13 dfs ulrd 23 2078 659 25 6,921
7 14 dfs ulrd 23 58915 18225 25 117,014
7 15 dfs ulrd 23 189481 58576 25 401,661
7 16 dfs ulrd 23 2078 659 25 5,824
7 17 dfs ulrd 23 161446 49911 25 363,752
7 18 dfs ulrd 23 2078 659 25 5,889
7 19 dfs ulrd 23 3652 1145 25 9,618
7 20 dfs ulrd 23 3652 1145 25 9,205
7 21 dfs ulrd 23 3652 1145 25 8,905
7 22 dfs ulrd 23 6801 2118 25 15,473
7 23 dfs ulrd 23 448605 138642 25 984,935
7 24 dfs ulrd 23 6801 2118 25 16,701
7 25 dfs ulrd 23 86620 26782 25 179,715
7 26 dfs ulrd 23 86620 26782 25 171,025
7 27 dfs ulrd 23 234744 72557 25 504,402
7 28 dfs ulrd 23 1783750 551227 25 3637,883
7 29 dfs ulrd 23 234744 72557 25 488,260
7 30 dfs ulrd 23 986048 304719 25 2107,791
7 31 dfs ulrd 23 2594034 801614 25 5213,552
7 32 dfs ulrd 23 44531 13775 25 86,397
7 33 dfs ulrd 23 77504 23964 25 152,144
7 34 dfs ulrd 23 208070 64315 25 406,967
7 35 dfs ulrd 23 89432 27649 25 175,523
7 36 dfs ulrd 23 89432 27649 25 178,648
7 37 dfs ulrd 23 988860 305586 25 2119,933
7 38 dfs ulrd 23 2355812 727998 25 4967,115
7 39 dfs ulrd 23 170003 52552 25 330,556
7 40 dfs ulrd 23 223353 69038 25 450,055
7 41 dfs ulrd 23 2609318 806338 25 5292,394
7 42 dfs ulrd 23 495650 153176 25 1040,847
7 43 dfs ulrd 23 995364 307597 25 2140,274
7 44 dfs ulrd 23 1803922 557460 25 3793,705
7 45 dfs ulrd 23 2251 711 25 6,225
7 46 dfs ulrd 23 59088 18277 25 111,111
7 47 dfs ulrd 23 189654 58628 25 408,889
7 48 dfs ulrd 23 2251 711 25 6,145
7 49 dfs ulrd 23 212636 65726 25 431,609
7 50 dfs ulrd 23 2251 711 25 8,738
7 51 dfs ulrd 23 3825 1197 25 9,009
7 52 dfs ulrd 23 3825 1197 25 9,840
7 53 dfs ulrd 23 3825 1197 25 9,044
7 54 dfs ulrd 23 6974 2170 25 15,718
7 55 dfs ulrd 23 448778 138694 25 966,152
7 56 dfs ulrd 23 6974 2170 25 15,440
7 57 dfs ulrd 23 86793 26834 25 192,283
7 58 dfs ulrd 23 86793 26834 25 199,905
7 59 dfs ulrd 23 234917 72609 25 507,545
7 60 dfs ulrd 23 1783923 551279 25 3695,514
7 61 dfs ulrd 23 234917 72609 25 484,813
7 62 dfs ulrd 23 986221 304771 25 2080,278
7 63 dfs ulrd 23 2594207 801666 25 5299,828
7 64 dfs ulrd 23 16026 4969 25 31,010
7 65 dfs ulrd 23 16026 4969 25 30,383
7 66 dfs ulrd 23 476789 147346 25 992,310
7 67 dfs ulrd 23 223353 69038 25 471,725
7 68 dfs ulrd 23 2608353 806039 25 5335,995
7 69 dfs ulrd 23 4391 1370 25 10,373
7 70 dfs ulrd 23 4391 1370 25 10,680
7 71 dfs ulrd 23 4391 1370 25 10,133
7 72 dfs ulrd 23 7540 2343 25 15,808
7 73 dfs ulrd 23 449344 138867 25 966,156
7 74 dfs ulrd 23 7540 2343 25 16,378
7 75 dfs ulrd 23 20012 6200 25 43,458
7 76 dfs ulrd 23 20012 6200 25 56,360
7 77 dfs ulrd 23 164245 50772 25 376,640
7 78 dfs ulrd 23 164245 50772 25 405,384
7 79 dfs ulrd 23 407563 125959 25 900,255
7 80 dfs ulrd 23 1778529 549613 25 3726,565
7 81 dfs ulrd 23 20012 6200 25 40,178
7 82 dfs ulrd 23 8678 2694 25 17,799
7 83 dfs ulrd 23 32542 10071 25 63,411
7 84 dfs ulrd 23 196081 60611 25 391,796
7 85 dfs ulrd 23 32542 10071 25 63,340
7 86 dfs ulrd 23 493305 152448 25 1099,001
7 87 dfs ulrd 23 2601005 803764 25 5324,300
7 88 dfs ulrd 23 94564 29233 25 182,270
7 89 dfs ulrd 23 460234 142231 25 948,045
7 90 dfs ulrd 23 248112 76682 25 543,166
7 91 dfs ulrd 23 483216 149329 25 1047,407
7 92 dfs ulrd 23 1797118 555352 25 3726,419
7 93 dfs ulrd 23 1806235 558171 25 3734,034
7 94 dfs ulrd 23 47466 14679 25 89,567
7 95 dfs ulrd 23 80439 24868 25 155,823
7 96 dfs ulrd 23 211005 65219 25 422,369
7 97 dfs ulrd 23 92367 28553 25 179,310
7 98 dfs ulrd 23 92367 28553 25 176,297
7 99 dfs ulrd 23 240491 74328 25 505,053
7 100 dfs ulrd 23 1789497 552998 25 3706,725
7 101 dfs ulrd 23 240491 74328 25 476,373
7 102 dfs ulrd 23 95186 29426 25 180,132
7 103 dfs ulrd 23 460856 142424 25 956,478
7 104 dfs ulrd 23 172402 53291 25 366,168
7 105 dfs ulrd 23 225752 69777 25 468,959
7 106 dfs ulrd 23 245049 75737 25 529,851
7 107 dfs ulrd 23 480153 148384 25 997,246
7 108 dfs ulrd 23 2293 724 25 14,170
7 109 dfs ulrd 23 59130 18290 25 109,887
7 110 dfs ulrd 23 189696 58641 25 378,083
7 111 dfs ulrd 23 2293 724 25 6,206
7 112 dfs ulrd 23 212678 65739 25 498,213
7 113 dfs ulrd 23 2293 724 25 6,136
7 114 dfs ulrd 23 3867 1210 25 9,146
7 115 dfs ulrd 23 3867 1210 25 9,478
7 116 dfs ulrd 23 3867 1210 25 9,084
7 117 dfs ulrd 23 7016 2183 25 16,092
7 118 dfs ulrd 23 448820 138707 25 976,061
7 119 dfs ulrd 23 7016 2183 25 15,960
7 120 dfs ulrd 23 86835 26847 25 182,272
7 121 dfs ulrd 23 86835 26847 25 190,375
7 122 dfs ulrd 23 234959 72622 25 538,238
7 123 dfs ulrd 23 1783965 551292 25 3713,779
7 124 dfs ulrd 23 234959 72622 25 477,858
7 125 dfs ulrd 23 986263 304784 25 2108,760
7 126 dfs ulrd 23 2594249 801679 25 5268,759
7 127 dfs ulrd 23 16068 4982 25 31,698
7 128 dfs ulrd 23 16068 4982 25 32,024
7 129 dfs ulrd 23 241727 74712 25 508,091
7 130 dfs ulrd 23 476831 147359 25 1007,098
7 131 dfs ulrd 23 241727 74712 25 478,607
7 132 dfs ulrd 23 2608395 806052 25 5333,328
7 133 dfs ulrd 23 4433 1383 25 10,386
7 134 dfs ulrd 23 4433 1383 25 10,109
7 135 dfs ulrd 23 4433 1383 25 10,315
7 136 dfs ulrd 23 7582 2356 25 16,652
7 137 dfs ulrd 23 449386 138880 25 949,702
7 138 dfs ulrd 23 7582 2356 25 16,889
7 139 dfs ulrd 23 20054 6213 25 41,731
7 140 dfs ulrd 23 20054 6213 25 41,199
7 141 dfs ulrd 23 164287 50785 25 357,243
7 142 dfs ulrd 23 164287 50785 25 435,009
7 143 dfs ulrd 23 407605 125972 25 931,356
7 144 dfs ulrd 23 1778571 549626 25 3764,809
7 145 dfs ulrd 23 20054 6213 25 39,820
7 146 dfs ulrd 23 8720 2707 25 19,735
7 147 dfs ulrd 23 32584 10084 25 60,036
7 148 dfs ulrd 23 196123 60624 25 383,199
7 149 dfs ulrd 23 32584 10084 25 63,840
7 150 dfs ulrd 23 493347 152461 25 1193,736
7 151 dfs ulrd 23 2601047 803777 25 5148,155
7 152 dfs ulrd 23 94606 29246 25 182,055
7 153 dfs ulrd 23 460276 142244 25 963,753
7 154 dfs ulrd 23 248154 76695 25 541,304
7 155 dfs ulrd 23 483258 149342 25 976,485
7 156 dfs ulrd 23 1797160 555365 25 3548,311
7 157 dfs ulrd 23 1806277 558184 25 3595,647
7 158 dfs ulrd 23 16419 5090 25 30,787
7 159 dfs ulrd 23 16419 5090 25 30,468
7 160 dfs ulrd 23 21513 6664 25 42,988
7 161 dfs ulrd 23 21513 6664 25 44,128
7 162 dfs ulrd 23 37999 11758 25 70,343
7 163 dfs ulrd 23 70972 21947 25 127,090
7 164 dfs ulrd 23 37999 11758 25 70,327
7 165 dfs ulrd 23 466128 144054 25 1005,382
7 166 dfs ulrd 23 1752130 541454 25 3807,575
7 167 dfs ulrd 23 21513 6664 25 41,442
7 168 dfs ulrd 23 499199 154271 25 1029,014
7 169 dfs ulrd 23 998913 308692 25 2017,224
7 170 dfs ulrd 23 4568 1425 25 10,002
7 171 dfs ulrd 23 4568 1425 25 10,142
7 172 dfs ulrd 23 4568 1425 25 10,200
7 173 dfs ulrd 23 7717 2398 25 15,926
7 174 dfs ulrd 23 449521 138922 25 936,963
7 175 dfs ulrd 23 7717 2398 25 16,137
7 176 dfs ulrd 23 20189 6255 25 39,894
7 177 dfs ulrd 23 20189 6255 25 40,636
7 178 dfs ulrd 23 164422 50827 25 350,226
7 179 dfs ulrd 23 164422 50827 25 315,083
7 180 dfs ulrd 23 464804 143645 25 999,331
7 181 dfs ulrd 23 1778706 549668 25 3577,229
7 182 dfs ulrd 23 20189 6255 25 40,177
7 183 dfs ulrd 23 8855 2749 25 17,809
7 184 dfs ulrd 23 32719 10126 25 60,656
7 185 dfs ulrd 23 196258 60666 25 415,921
7 186 dfs ulrd 23 32719 10126 25 82,451
7 187 dfs ulrd 23 493482 152503 25 1001,392
7 188 dfs ulrd 23 2601182 803819 25 5047,209
7 189 dfs ulrd 23 23001 7122 25 43,453
7 190 dfs ulrd 23 23001 7122 25 42,657
7 191 dfs ulrd 23 39487 12216 25 70,921
7 192 dfs ulrd 23 72460 22405 25 131,469
7 193 dfs ulrd 23 39487 12216 25 71,199
7 194 dfs ulrd 23 167234 51694 25 326,740
7 195 dfs ulrd 23 167234 51694 25 312,908
7 196 dfs ulrd 23 170919 52832 25 329,888
7 197 dfs ulrd 23 224269 69318 25 438,086
7 198 dfs ulrd 23 2610234 806618 25 5055,310
7 199 dfs ulrd 23 996280 307877 25 1984,200
7 200 dfs ulrd 23 1804838 557740 25 3480,953
7 201 dfs ulrd 23 9126 2834 25 18,295
7 202 dfs ulrd 23 32990 10211 25 60,710
7 203 dfs ulrd 23 196529 60751 25 381,448
7 204 dfs ulrd 23 32990 10211 25 62,762
7 205 dfs ulrd 23 44044 13624 25 83,686
7 206 dfs ulrd 23 77017 23813 25 157,888
7 207 dfs ulrd 23 207583 64164 25 467,390
7 208 dfs ulrd 23 237069 73273 25 640,537
7 209 dfs ulrd 23 1786075 551943 25 3760,047
7 210 dfs ulrd 23 237069 73273 25 503,686
7 211 dfs ulrd 23 963701 297807 25 2064,753
7 212 dfs ulrd 23 2596359 802330 25 5299,911
