1 1 dfs uldr 23 9126 2834 25 18,588
1 2 dfs uldr 23 8678 2694 25 17,748
2 1 dfs uldr 24 2835 891 25 7,011
2 2 dfs uldr 24 2708 851 25 6,848
2 3 dfs uldr 24 2695 847 25 6,664
2 4 dfs uldr 24 2119 672 25 5,796
3 1 dfs uldr 23 9126 2834 25 18,574
3 2 dfs uldr 23 8855 2749 25 17,828
3 3 dfs uldr 23 8720 2707 25 18,740
3 4 dfs uldr 23 7016 2183 25 15,103
3 5 dfs uldr 23 8720 2707 25 17,869
3 6 dfs uldr 23 8678 2694 25 25,807
3 7 dfs uldr 23 6974 2170 25 15,893
3 8 dfs uldr 23 95321 29468 25 182,782
3 9 dfs uldr 23 6801 2118 25 19,611
3 10 dfs uldr 23 1592 509 25 5,036
4 1 dfs uldr 24 2835 891 25 7,263
4 2 dfs uldr 24 2750 864 25 7,083
4 3 dfs uldr 24 2399 756 25 6,436
4 4 dfs uldr 24 2750 864 25 7,982
4 5 dfs uldr 24 2708 851 25 7,380
4 6 dfs uldr 24 2357 743 25 6,360
4 7 dfs uldr 24 29332 9078 25 61,121
4 8 dfs uldr 24 2184 691 25 5,925
4 9 dfs uldr 24 725 240 25 3,479
4 10 dfs uldr 24 2184 691 25 6,338
4 11 dfs uldr 24 21906 6786 25 45,058
4 12 dfs uldr 24 308786 95433 25 645,015
4 13 dfs uldr 24 2695 847 25 6,857
4 14 dfs uldr 24 2344 739 25 6,570
4 15 dfs uldr 24 29319 9074 25 56,982
4 16 dfs uldr 24 2171 687 25 5,933
4 17 dfs uldr 24 712 236 25 3,757
4 18 dfs uldr 24 2171 687 25 6,286
4 19 dfs uldr 24 29469 9120 25 57,275
4 20 dfs uldr 24 29469 9120 25 57,203
4 21 dfs uldr 24 2119 672 25 5,852
4 22 dfs uldr 24 660 221 25 3,186
4 23 dfs uldr 24 27865 8624 25 72,338
4 24 dfs uldr 24 510 175 25 3,485
5 1 dfs uldr 23 9126 2834 25 18,564
5 2 dfs uldr 23 9126 2834 25 19,270
5 3 dfs uldr 23 8855 2749 25 18,250
5 4 dfs uldr 23 8855 2749 25 18,399
5 5 dfs uldr 23 7717 2398 25 17,074
5 6 dfs uldr 23 4568 1425 25 10,825
5 7 dfs uldr 23 7717 2398 25 17,703
5 8 dfs uldr 23 71759 22190 25 142,149
5 9 dfs uldr 23 996988 308098 25 2167,701
5 10 dfs uldr 23 8855 2749 25 18,422
5 11 dfs uldr 23 8720 2707 25 18,083
5 12 dfs uldr 23 8720 2707 25 18,811
5 13 dfs uldr 23 7582 2356 25 17,816
5 14 dfs uldr 23 4433 1383 25 10,159
5 15 dfs uldr 23 7582 2356 25 16,192
5 16 dfs uldr 23 94877 29331 25 180,953
5 17 dfs uldr 23 94877 29331 25 201,977
5 18 dfs uldr 23 7016 2183 25 16,955
5 19 dfs uldr 23 3867 1210 25 9,250
5 20 dfs uldr 23 88244 27283 25 173,169
5 21 dfs uldr 23 2293 724 25 6,688
5 22 dfs uldr 23 2293 724 25 6,860
5 23 dfs uldr 23 15797 4897 25 31,924
5 24 dfs uldr 23 949054 293279 25 2043,377
5 25 dfs uldr 23 70837 21905 25 160,748
5 26 dfs uldr 23 16284 5048 25 31,543
5 27 dfs uldr 23 999214 308785 25 2103,829
5 28 dfs uldr 23 8678 2694 25 18,546
5 29 dfs uldr 23 8678 2694 25 18,378
5 30 dfs uldr 23 7540 2343 25 16,599
5 31 dfs uldr 23 4391 1370 25 10,022
5 32 dfs uldr 23 7540 2343 25 21,138
5 33 dfs uldr 23 94835 29318 25 190,389
5 34 dfs uldr 23 94835 29318 25 183,651
5 35 dfs uldr 23 6974 2170 25 16,507
5 36 dfs uldr 23 3825 1197 25 9,044
5 37 dfs uldr 23 88202 27270 25 189,196
5 38 dfs uldr 23 2251 711 25 6,377
5 39 dfs uldr 23 2251 711 25 6,517
5 40 dfs uldr 23 15755 4884 25 31,046
5 41 dfs uldr 23 949012 293266 25 2081,088
5 42 dfs uldr 23 95321 29468 25 182,202
5 43 dfs uldr 23 92502 28595 25 177,899
5 44 dfs uldr 23 950071 293595 25 2000,685
5 45 dfs uldr 23 6801 2118 25 15,800
5 46 dfs uldr 23 3652 1145 25 8,949
5 47 dfs uldr 23 88029 27218 25 170,648
5 48 dfs uldr 23 2078 659 25 6,253
5 49 dfs uldr 23 2078 659 25 5,941
5 50 dfs uldr 23 90133 27864 25 173,930
5 51 dfs uldr 23 997474 308248 25 2126,975
5 52 dfs uldr 23 90133 27864 25 174,039
5 53 dfs uldr 23 1592 509 25 5,227
5 54 dfs uldr 23 68947 21323 25 127,505
6 1 dfs uldr 24 2835 891 25 7,325
6 2 dfs uldr 24 2835 891 25 6,915
6 3 dfs uldr 24 23113 7159 25 44,560
6 4 dfs uldr 24 295533 91337 25 624,268
6 5 dfs uldr 24 2835 891 25 9,930
6 6 dfs uldr 24 2750 864 25 6,994
6 7 dfs uldr 24 2750 864 25 7,610
6 8 dfs uldr 24 2750 864 25 7,157
6 9 dfs uldr 24 2399 756 25 7,133
6 10 dfs uldr 24 2399 756 25 8,535
6 11 dfs uldr 24 1426 455 25 5,769
6 12 dfs uldr 24 1426 455 25 4,698
6 13 dfs uldr 24 5820 1815 25 15,598
6 14 dfs uldr 24 290789 89870 25 612,044
6 15 dfs uldr 24 2399 756 25 6,800
6 16 dfs uldr 24 22191 6874 25 43,755
6 17 dfs uldr 24 6908 2151 25 15,365
6 18 dfs uldr 24 22191 6874 25 43,317
6 19 dfs uldr 24 308099 95221 25 650,609
6 20 dfs uldr 24 308099 95221 25 614,537
6 21 dfs uldr 24 228719 70695 25 530,267
6 22 dfs uldr 24 3233025 999072 25 6631,690
6 23 dfs uldr 24 2708 851 25 7,260
6 24 dfs uldr 24 2708 851 25 7,004
6 25 dfs uldr 24 2708 851 25 7,144
6 26 dfs uldr 24 2357 743 25 6,235
6 27 dfs uldr 24 2357 743 25 6,636
6 28 dfs uldr 24 1384 442 25 4,667
6 29 dfs uldr 24 1384 442 25 4,598
6 30 dfs uldr 24 5778 1802 25 14,216
6 31 dfs uldr 24 290747 89857 25 632,718
6 32 dfs uldr 24 2357 743 25 6,215
6 33 dfs uldr 24 29332 9078 25 69,005
6 34 dfs uldr 24 294031 90872 25 658,342
6 35 dfs uldr 24 29332 9078 25 60,369
6 36 dfs uldr 24 2184 691 25 12,677
6 37 dfs uldr 24 2184 691 25 5,997
6 38 dfs uldr 24 1211 390 25 4,284
6 39 dfs uldr 24 1211 390 25 4,169
6 40 dfs uldr 24 27284 8447 25 56,531
6 41 dfs uldr 24 306094 94604 25 633,530
6 42 dfs uldr 24 27284 8447 25 52,358
6 43 dfs uldr 24 725 240 25 3,461
6 44 dfs uldr 24 19700 6107 25 40,095
6 45 dfs uldr 24 228066 70493 25 470,383
6 46 dfs uldr 24 4898 1530 25 11,134
6 47 dfs uldr 24 293280 90637 25 635,940
6 48 dfs uldr 24 3233726 999287 25 6674,463
6 49 dfs uldr 24 21906 6786 25 42,884
6 50 dfs uldr 24 6623 2063 25 14,863
6 51 dfs uldr 24 291592 90118 25 575,451
6 52 dfs uldr 24 5049 1577 25 11,537
6 53 dfs uldr 24 308786 95433 25 685,249
6 54 dfs uldr 24 293596 90736 25 603,704
6 55 dfs uldr 24 2695 847 25 7,220
6 56 dfs uldr 24 2695 847 25 7,009
6 57 dfs uldr 24 2695 847 25 6,954
6 58 dfs uldr 24 2344 739 25 6,301
6 59 dfs uldr 24 2344 739 25 6,456
6 60 dfs uldr 24 1371 438 25 4,691
6 61 dfs uldr 24 1371 438 25 8,096
6 62 dfs uldr 24 5765 1798 25 14,849
6 63 dfs uldr 24 290734 89853 25 593,529
6 64 dfs uldr 24 2344 739 25 6,652
6 65 dfs uldr 24 29319 9074 25 58,935
6 66 dfs uldr 24 294018 90868 25 606,926
6 67 dfs uldr 24 29319 9074 25 60,051
6 68 dfs uldr 24 2171 687 25 21,259
6 69 dfs uldr 24 2171 687 25 6,849
6 70 dfs uldr 24 1198 386 25 4,259
6 71 dfs uldr 24 1198 386 25 4,191
6 72 dfs uldr 24 27271 8443 25 51,603
6 73 dfs uldr 24 306081 94600 25 633,988
6 74 dfs uldr 24 27271 8443 25 52,630
6 75 dfs uldr 24 712 236 25 3,507
6 76 dfs uldr 24 19687 6103 25 48,451
6 77 dfs uldr 24 228053 70489 25 489,934
6 78 dfs uldr 24 4885 1526 25 10,738
6 79 dfs uldr 24 293267 90633 25 612,578
6 80 dfs uldr 24 3233713 999283 25 6626,538
6 81 dfs uldr 24 29469 9120 25 57,904
6 82 dfs uldr 24 28596 8849 25 56,856
6 83 dfs uldr 24 24911 7711 25 47,818
6 84 dfs uldr 24 28596 8849 25 57,366
6 85 dfs uldr 24 229736 71009 25 503,253
6 86 dfs uldr 24 2119 672 25 6,869
6 87 dfs uldr 24 2119 672 25 5,818
6 88 dfs uldr 24 1146 371 25 4,095
6 89 dfs uldr 24 1146 371 25 4,050
6 90 dfs uldr 24 27219 8428 25 52,812
6 91 dfs uldr 24 306029 94585 25 642,744
6 92 dfs uldr 24 27219 8428 25 54,832
6 93 dfs uldr 24 660 221 25 3,338
6 94 dfs uldr 24 19635 6088 25 40,714
6 95 dfs uldr 24 228001 70474 25 475,035
6 96 dfs uldr 24 27865 8624 25 55,624
6 97 dfs uldr 24 24180 7486 25 60,905
6 98 dfs uldr 24 306675 94781 25 628,396
6 99 dfs uldr 24 308249 95267 25 704,140
6 100 dfs uldr 24 308249 95267 25 633,799
6 101 dfs uldr 24 228869 70741 25 496,838
6 102 dfs uldr 24 3233175 999118 25 6608,811
6 103 dfs uldr 24 510 175 25 2,972
6 104 dfs uldr 24 19485 6042 25 40,149
6 105 dfs uldr 24 21324 6608 25 42,024
6 106 dfs uldr 24 291010 89940 25 613,591
6 107 dfs uldr 24 21324 6608 25 56,432
7 1 dfs uldr 23 9126 2834 25 19,486
7 2 dfs uldr 23 28432 8802 25 57,148
7 3 dfs uldr 23 912041 281851 25 1869,427
7 4 dfs uldr 23 9126 2834 25 18,630
7 5 dfs uldr 23 74742 23112 25 145,850
7 6 dfs uldr 23 41769 12923 25 80,483
7 7 dfs uldr 23 74742 23112 25 146,255
7 8 dfs uldr 23 956332 295532 25 2016,932
7 9 dfs uldr 23 956332 295532 25 1981,178
7 10 dfs uldr 23 745364 230348 25 1591,359
7 11 dfs uldr 23 10434547 3224466 25 21359,726
7 12 dfs uldr 23 9126 2834 25 18,339
7 13 dfs uldr 23 8855 2749 25 17,754
7 14 dfs uldr 23 28161 8717 25 52,787
7 15 dfs uldr 23 770959 238254 25 1611,551
7 16 dfs uldr 23 8855 2749 25 18,741
7 17 dfs uldr 23 956332 295532 25 2029,312
7 18 dfs uldr 23 8855 2749 25 19,445
7 19 dfs uldr 23 7717 2398 25 16,857
7 20 dfs uldr 23 7717 2398 25 16,551
7 21 dfs uldr 23 7717 2398 25 16,264
7 22 dfs uldr 23 4568 1425 25 10,621
7 23 dfs uldr 23 719018 222204 25 1582,061
7 24 dfs uldr 23 4568 1425 25 10,449
7 25 dfs uldr 23 18780 5819 25 39,659
7 26 dfs uldr 23 18780 5819 25 38,917
7 27 dfs uldr 23 940983 290788 25 1965,686
7 28 dfs uldr 23 10442782 3227006 25 21325,705
7 29 dfs uldr 23 940983 290788 25 1970,384
7 30 dfs uldr 23 160194 49518 25 318,912
7 31 dfs uldr 23 9933537 3069634 25 20484,211
7 32 dfs uldr 23 71759 22190 25 134,454
7 33 dfs uldr 23 38786 12001 25 74,131
7 34 dfs uldr 23 922395 285050 25 1855,396
7 35 dfs uldr 23 22300 6907 25 43,692
7 36 dfs uldr 23 22300 6907 25 43,865
7 37 dfs uldr 23 163714 50606 25 326,790
7 38 dfs uldr 23 9937057 3070722 25 20419,631
7 39 dfs uldr 23 996988 308098 25 2047,755
7 40 dfs uldr 23 951473 294030 25 1979,699
7 41 dfs uldr 23 9948120 3074143 25 20435,963
7 42 dfs uldr 23 740098 228718 25 1563,547
7 43 dfs uldr 23 168809 52181 25 332,420
7 44 dfs uldr 23 10462253 3233024 25 21330,230
7 45 dfs uldr 23 8720 2707 25 26,383
7 46 dfs uldr 23 28026 8675 25 54,082
7 47 dfs uldr 23 770824 238212 25 1539,905
7 48 dfs uldr 23 8720 2707 25 18,472
7 49 dfs uldr 23 956197 295490 25 1993,340
7 50 dfs uldr 23 8720 2707 25 18,195
7 51 dfs uldr 23 7582 2356 25 16,638
7 52 dfs uldr 23 7582 2356 25 16,217
7 53 dfs uldr 23 7582 2356 25 16,644
7 54 dfs uldr 23 4433 1383 25 10,545
7 55 dfs uldr 23 718883 222162 25 1566,835
7 56 dfs uldr 23 4433 1383 25 9,887
7 57 dfs uldr 23 18645 5777 25 39,363
7 58 dfs uldr 23 18645 5777 25 38,752
7 59 dfs uldr 23 940848 290746 25 1948,891
7 60 dfs uldr 23 10442647 3226964 25 21488,883
7 61 dfs uldr 23 940848 290746 25 2011,001
7 62 dfs uldr 23 160059 49476 25 348,869
7 63 dfs uldr 23 9933402 3069592 25 20412,434
7 64 dfs uldr 23 94877 29331 25 187,184
7 65 dfs uldr 23 94877 29331 25 181,267
7 66 dfs uldr 23 764089 236130 25 1594,951
7 67 dfs uldr 23 951473 294030 25 1970,904
7 68 dfs uldr 23 9946847 3073750 25 20129,315
7 69 dfs uldr 23 7016 2183 25 26,632
7 70 dfs uldr 23 7016 2183 25 15,845
7 71 dfs uldr 23 7016 2183 25 15,921
7 72 dfs uldr 23 3867 1210 25 9,592
7 73 dfs uldr 23 718317 221989 25 1511,401
7 74 dfs uldr 23 3867 1210 25 9,155
7 75 dfs uldr 23 88244 27283 25 171,182
7 76 dfs uldr 23 88244 27283 25 175,148
7 77 dfs uldr 23 990491 306093 25 2034,361
7 78 dfs uldr 23 990491 306093 25 2038,297
7 79 dfs uldr 23 746938 230834 25 1560,314
7 80 dfs uldr 23 10436121 3224952 25 21592,838
7 81 dfs uldr 23 88244 27283 25 172,186
7 82 dfs uldr 23 2293 724 25 7,282
7 83 dfs uldr 23 63688 19699 25 124,249
7 84 dfs uldr 23 914324 282559 25 1865,011
7 85 dfs uldr 23 63688 19699 25 122,586
7 86 dfs uldr 23 737986 228065 25 1547,316
7 87 dfs uldr 23 9940040 3071644 25 20461,994
7 88 dfs uldr 23 15797 4897 25 38,077
7 89 dfs uldr 23 721130 222857 25 1498,237
7 90 dfs uldr 23 949054 293279 25 1992,712
7 91 dfs uldr 23 761670 235379 25 1594,828
7 92 dfs uldr 23 10450853 3229497 25 21318,022
7 93 dfs uldr 23 10464528 3233725 25 21345,894
7 94 dfs uldr 23 70837 21905 25 138,018
7 95 dfs uldr 23 37864 11716 25 73,223
7 96 dfs uldr 23 921473 284765 25 1867,204
7 97 dfs uldr 23 21378 6622 25 42,907
7 98 dfs uldr 23 21378 6622 25 44,084
7 99 dfs uldr 23 943581 291591 25 1953,843
7 100 dfs uldr 23 10445380 3227809 25 21326,618
7 101 dfs uldr 23 943581 291591 25 1964,693
7 102 dfs uldr 23 16284 5048 25 32,511
7 103 dfs uldr 23 721617 223008 25 1523,178
7 104 dfs uldr 23 999214 308785 25 2078,589
7 105 dfs uldr 23 969719 299668 25 2010,982
7 106 dfs uldr 23 950071 293595 25 2026,376
7 107 dfs uldr 23 762687 235695 25 1667,994
7 108 dfs uldr 23 8678 2694 25 18,327
7 109 dfs uldr 23 27984 8662 25 52,526
7 110 dfs uldr 23 770782 238199 25 1617,987
7 111 dfs uldr 23 8678 2694 25 17,777
7 112 dfs uldr 23 956155 295477 25 2046,393
7 113 dfs uldr 23 8678 2694 25 17,843
7 114 dfs uldr 23 7540 2343 25 15,937
7 115 dfs uldr 23 7540 2343 25 16,207
7 116 dfs uldr 23 7540 2343 25 16,964
7 117 dfs uldr 23 4391 1370 25 10,110
7 118 dfs uldr 23 718841 222149 25 1564,170
7 119 dfs uldr 23 4391 1370 25 9,994
7 120 dfs uldr 23 18603 5764 25 38,394
7 121 dfs uldr 23 18603 5764 25 37,951
7 122 dfs uldr 23 940806 290733 25 2005,440
7 123 dfs uldr 23 10442605 3226951 25 21476,567
7 124 dfs uldr 23 940806 290733 25 1965,032
7 125 dfs uldr 23 160017 49463 25 325,650
7 126 dfs uldr 23 9933360 3069579 25 20160,058
7 127 dfs uldr 23 94835 29318 25 179,663
7 128 dfs uldr 23 94835 29318 25 181,158
7 129 dfs uldr 23 951431 294017 25 2003,310
7 130 dfs uldr 23 764047 236117 25 1605,099
7 131 dfs uldr 23 951431 294017 25 1973,860
7 132 dfs uldr 23 9946805 3073737 25 20614,834
7 133 dfs uldr 23 6974 2170 25 16,529
7 134 dfs uldr 23 6974 2170 25 16,040
7 135 dfs uldr 23 6974 2170 25 15,349
7 136 dfs uldr 23 3825 1197 25 9,140
7 137 dfs uldr 23 718275 221976 25 1530,074
7 138 dfs uldr 23 3825 1197 25 8,872
7 139 dfs uldr 23 88202 27270 25 169,247
7 140 dfs uldr 23 88202 27270 25 170,125
7 141 dfs uldr 23 990449 306080 25 2072,425
7 142 dfs uldr 23 990449 306080 25 2122,571
7 143 dfs uldr 23 746896 230821 25 1527,527
7 144 dfs uldr 23 10436079 3224939 25 21381,788
7 145 dfs uldr 23 88202 27270 25 171,962
7 146 dfs uldr 23 2251 711 25 6,145
7 147 dfs uldr 23 63646 19686 25 120,519
7 148 dfs uldr 23 914282 282546 25 1866,945
7 149 dfs uldr 23 63646 19686 25 119,930
7 150 dfs uldr 23 737944 228052 25 1543,669
7 151 dfs uldr 23 9939998 3071631 25 20392,485
7 152 dfs uldr 23 15755 4884 25 30,573
7 153 dfs uldr 23 721088 222844 25 1506,358
7 154 dfs uldr 23 949012 293266 25 2023,526
7 155 dfs uldr 23 740584 228868 25 1574,840
7 156 dfs uldr 23 10450811 3229484 25 21295,438
7 157 dfs uldr 23 10464486 3233712 25 21277,300
7 158 dfs uldr 23 95321 29468 25 181,261
7 159 dfs uldr 23 95321 29468 25 181,256
7 160 dfs uldr 23 92502 28595 25 176,013
7 161 dfs uldr 23 92502 28595 25 183,718
7 162 dfs uldr 23 80574 24910 25 153,428
7 163 dfs uldr 23 47601 14721 25 90,550
7 164 dfs uldr 23 80574 24910 25 174,651
7 165 dfs uldr 23 751196 232146 25 1586,216
7 166 dfs uldr 23 10399880 3213749 25 21211,529
7 167 dfs uldr 23 92502 28595 25 175,825
7 168 dfs uldr 23 743390 229735 25 1525,848
7 169 dfs uldr 23 172101 53198 25 338,783
7 170 dfs uldr 23 6801 2118 25 15,367
7 171 dfs uldr 23 6801 2118 25 14,780
7 172 dfs uldr 23 6801 2118 25 14,957
7 173 dfs uldr 23 3652 1145 25 8,961
7 174 dfs uldr 23 718102 221924 25 1534,176
7 175 dfs uldr 23 3652 1145 25 8,857
7 176 dfs uldr 23 88029 27218 25 172,565
7 177 dfs uldr 23 88029 27218 25 181,212
7 178 dfs uldr 23 990276 306028 25 2085,322
7 179 dfs uldr 23 990276 306028 25 2065,311
7 180 dfs uldr 23 746723 230769 25 1535,844
7 181 dfs uldr 23 10435906 3224887 25 21309,448
7 182 dfs uldr 23 88029 27218 25 174,454
7 183 dfs uldr 23 2078 659 25 5,831
7 184 dfs uldr 23 63473 19634 25 118,176
7 185 dfs uldr 23 914109 282494 25 1851,087
7 186 dfs uldr 23 63473 19634 25 121,346
7 187 dfs uldr 23 737771 228000 25 1655,131
7 188 dfs uldr 23 9939825 3071579 25 20490,995
7 189 dfs uldr 23 90133 27864 25 171,465
7 190 dfs uldr 23 90133 27864 25 176,848
7 191 dfs uldr 23 78205 24179 25 152,633
7 192 dfs uldr 23 45232 13990 25 87,890
7 193 dfs uldr 23 78205 24179 25 182,909
7 194 dfs uldr 23 992380 306674 25 2028,848
7 195 dfs uldr 23 992380 306674 25 2087,894
7 196 dfs uldr 23 997474 308248 25 2052,890
7 197 dfs uldr 23 967979 299131 25 1989,837
7 198 dfs uldr 23 9948606 3074293 25 20381,319
7 199 dfs uldr 23 169295 52331 25 379,673
7 200 dfs uldr 23 10462739 3233174 25 21510,935
7 201 dfs uldr 23 1592 509 25 5,128
7 202 dfs uldr 23 62987 19484 25 121,555
7 203 dfs uldr 23 913623 282344 25 1868,693
7 204 dfs uldr 23 62987 19484 25 119,068
7 205 dfs uldr 23 68947 21323 25 128,306
7 206 dfs uldr 23 35974 11134 25 70,118
7 207 dfs uldr 23 919583 284183 25 1919,921
7 208 dfs uldr 23 941691 291009 25 2129,915
7 209 dfs uldr 23 10443490 3227227 25 21386,927
7 210 dfs uldr 23 941691 291009 25 1985,977
7 211 dfs uldr 23 160902 49739 25 347,829
7 212 dfs uldr 23 9934245 3069855 25 20512,263
