1 1 dfs lurd 23 8678 2694 25 18,815
1 2 dfs lurd 23 9126 2834 25 19,596
2 1 dfs lurd 24 2119 672 25 6,265
2 2 dfs lurd 24 2695 847 25 7,530
2 3 dfs lurd 24 2708 851 25 7,069
2 4 dfs lurd 24 2835 891 25 7,187
3 1 dfs lurd 23 1592 509 25 4,933
3 2 dfs lurd 23 6801 2118 25 15,149
3 3 dfs lurd 23 6974 2170 25 18,620
3 4 dfs lurd 23 8678 2694 25 20,264
3 5 dfs lurd 23 95321 29468 25 181,924
3 6 dfs lurd 23 7016 2183 25 15,571
3 7 dfs lurd 23 8720 2707 25 19,236
3 8 dfs lurd 23 8720 2707 25 18,049
3 9 dfs lurd 23 8855 2749 25 18,640
3 10 dfs lurd 23 9126 2834 25 19,402
4 1 dfs lurd 24 510 175 25 3,010
4 2 dfs lurd 24 660 221 25 3,528
4 3 dfs lurd 24 2119 672 25 5,990
4 4 dfs lurd 24 27865 8624 25 53,935
4 5 dfs lurd 24 712 236 25 3,389
4 6 dfs lurd 24 2171 687 25 5,797
4 7 dfs lurd 24 2171 687 25 5,948
4 8 dfs lurd 24 2344 739 25 6,441
4 9 dfs lurd 24 2695 847 25 7,222
4 10 dfs lurd 24 29319 9074 25 57,984
4 11 dfs lurd 24 29469 9120 25 66,582
4 12 dfs lurd 24 29469 9120 25 65,769
4 13 dfs lurd 24 725 240 25 10,585
4 14 dfs lurd 24 2184 691 25 8,043
4 15 dfs lurd 24 2184 691 25 5,989
4 16 dfs lurd 24 2357 743 25 6,511
4 17 dfs lurd 24 2708 851 25 7,742
4 18 dfs lurd 24 29332 9078 25 69,262
4 19 dfs lurd 24 21906 6786 25 64,129
4 20 dfs lurd 24 308786 95433 25 649,734
4 21 dfs lurd 24 2399 756 25 6,515
4 22 dfs lurd 24 2750 864 25 7,030
4 23 dfs lurd 24 2750 864 25 7,245
4 24 dfs lurd 24 2835 891 25 7,189
5 1 dfs lurd 23 1592 509 25 5,036
5 2 dfs lurd 23 68947 21323 25 145,435
5 3 dfs lurd 23 2078 659 25 6,304
5 4 dfs lurd 23 2078 659 25 6,369
5 5 dfs lurd 23 3652 1145 25 8,732
5 6 dfs lurd 23 6801 2118 25 21,722
5 7 dfs lurd 23 88029 27218 25 185,545
5 8 dfs lurd 23 90133 27864 25 183,785
5 9 dfs lurd 23 90133 27864 25 193,158
5 10 dfs lurd 23 997474 308248 25 2128,406
5 11 dfs lurd 23 2251 711 25 6,651
5 12 dfs lurd 23 2251 711 25 5,954
5 13 dfs lurd 23 3825 1197 25 8,761
5 14 dfs lurd 23 6974 2170 25 15,286
5 15 dfs lurd 23 88202 27270 25 170,271
5 16 dfs lurd 23 15755 4884 25 30,804
5 17 dfs lurd 23 949012 293266 25 1987,272
5 18 dfs lurd 23 4391 1370 25 9,910
5 19 dfs lurd 23 7540 2343 25 16,459
5 20 dfs lurd 23 7540 2343 25 16,235
5 21 dfs lurd 23 8678 2694 25 17,999
5 22 dfs lurd 23 8678 2694 25 18,382
5 23 dfs lurd 23 94835 29318 25 180,986
5 24 dfs lurd 23 94835 29318 25 181,259
5 25 dfs lurd 23 92502 28595 25 260,856
5 26 dfs lurd 23 95321 29468 25 186,878
5 27 dfs lurd 23 950071 293595 25 2072,491
5 28 dfs lurd 23 2293 724 25 6,048
5 29 dfs lurd 23 2293 724 25 6,195
5 30 dfs lurd 23 3867 1210 25 9,741
5 31 dfs lurd 23 7016 2183 25 21,172
5 32 dfs lurd 23 88244 27283 25 173,223
5 33 dfs lurd 23 15797 4897 25 30,258
5 34 dfs lurd 23 949054 293279 25 2039,252
5 35 dfs lurd 23 4433 1383 25 10,264
5 36 dfs lurd 23 7582 2356 25 16,296
5 37 dfs lurd 23 7582 2356 25 17,486
5 38 dfs lurd 23 8720 2707 25 18,739
5 39 dfs lurd 23 8720 2707 25 19,514
5 40 dfs lurd 23 94877 29331 25 191,409
5 41 dfs lurd 23 94877 29331 25 194,162
5 42 dfs lurd 23 16284 5048 25 32,889
5 43 dfs lurd 23 70837 21905 25 138,482
5 44 dfs lurd 23 999214 308785 25 2125,103
5 45 dfs lurd 23 4568 1425 25 10,359
5 46 dfs lurd 23 7717 2398 25 16,792
5 47 dfs lurd 23 7717 2398 25 16,794
5 48 dfs lurd 23 8855 2749 25 18,706
5 49 dfs lurd 23 8855 2749 25 18,629
5 50 dfs lurd 23 71759 22190 25 133,719
5 51 dfs lurd 23 8855 2749 25 18,400
5 52 dfs lurd 23 996988 308098 25 2068,343
5 53 dfs lurd 23 9126 2834 25 18,855
5 54 dfs lurd 23 9126 2834 25 18,650
6 1 dfs lurd 24 510 175 25 2,954
6 2 dfs lurd 24 19485 6042 25 38,567
6 3 dfs lurd 24 21324 6608 25 42,932
6 4 dfs lurd 24 21324 6608 25 42,016
6 5 dfs lurd 24 291010 89940 25 620,146
6 6 dfs lurd 24 660 221 25 3,302
6 7 dfs lurd 24 19635 6088 25 39,508
6 8 dfs lurd 24 228001 70474 25 475,458
6 9 dfs lurd 24 1146 371 25 4,118
6 10 dfs lurd 24 1146 371 25 4,087
6 11 dfs lurd 24 2119 672 25 6,365
6 12 dfs lurd 24 2119 672 25 5,885
6 13 dfs lurd 24 27219 8428 25 53,938
6 14 dfs lurd 24 27219 8428 25 52,501
6 15 dfs lurd 24 306029 94585 25 672,298
6 16 dfs lurd 24 24180 7486 25 47,729
6 17 dfs lurd 24 27865 8624 25 54,324
6 18 dfs lurd 24 306675 94781 25 689,468
6 19 dfs lurd 24 228869 70741 25 458,545
6 20 dfs lurd 24 3233175 999118 25 6649,223
6 21 dfs lurd 24 308249 95267 25 606,989
6 22 dfs lurd 24 308249 95267 25 642,685
6 23 dfs lurd 24 712 236 25 4,863
6 24 dfs lurd 24 19687 6103 25 40,065
6 25 dfs lurd 24 228053 70489 25 480,139
6 26 dfs lurd 24 1198 386 25 4,697
6 27 dfs lurd 24 1198 386 25 5,885
6 28 dfs lurd 24 2171 687 25 6,828
6 29 dfs lurd 24 2171 687 25 9,338
6 30 dfs lurd 24 27271 8443 25 52,361
6 31 dfs lurd 24 27271 8443 25 55,174
6 32 dfs lurd 24 306081 94600 25 696,042
6 33 dfs lurd 24 4885 1526 25 10,673
6 34 dfs lurd 24 293267 90633 25 587,732
6 35 dfs lurd 24 3233713 999283 25 6686,423
6 36 dfs lurd 24 1371 438 25 4,489
6 37 dfs lurd 24 1371 438 25 4,567
6 38 dfs lurd 24 2344 739 25 6,330
6 39 dfs lurd 24 2344 739 25 6,571
6 40 dfs lurd 24 5765 1798 25 13,533
6 41 dfs lurd 24 2344 739 25 6,770
6 42 dfs lurd 24 290734 89853 25 628,851
6 43 dfs lurd 24 2695 847 25 6,805
6 44 dfs lurd 24 2695 847 25 7,049
6 45 dfs lurd 24 2695 847 25 6,759
6 46 dfs lurd 24 29319 9074 25 61,740
6 47 dfs lurd 24 294018 90868 25 604,570
6 48 dfs lurd 24 29319 9074 25 60,025
6 49 dfs lurd 24 24911 7711 25 56,331
6 50 dfs lurd 24 28596 8849 25 66,243
6 51 dfs lurd 24 28596 8849 25 60,686
6 52 dfs lurd 24 29469 9120 25 58,492
6 53 dfs lurd 24 229736 71009 25 486,598
6 54 dfs lurd 24 293596 90736 25 640,797
6 55 dfs lurd 24 725 240 25 3,417
6 56 dfs lurd 24 19700 6107 25 48,489
6 57 dfs lurd 24 228066 70493 25 523,375
6 58 dfs lurd 24 1211 390 25 4,441
6 59 dfs lurd 24 1211 390 25 4,446
6 60 dfs lurd 24 2184 691 25 6,732
6 61 dfs lurd 24 2184 691 25 6,143
6 62 dfs lurd 24 27284 8447 25 53,747
6 63 dfs lurd 24 27284 8447 25 85,836
6 64 dfs lurd 24 306094 94604 25 853,800
6 65 dfs lurd 24 4898 1530 25 11,318
6 66 dfs lurd 24 293280 90637 25 663,095
6 67 dfs lurd 24 3233726 999287 25 6876,044
6 68 dfs lurd 24 1384 442 25 4,761
6 69 dfs lurd 24 1384 442 25 4,491
6 70 dfs lurd 24 2357 743 25 7,330
6 71 dfs lurd 24 2357 743 25 7,541
6 72 dfs lurd 24 5778 1802 25 13,595
6 73 dfs lurd 24 2357 743 25 6,680
6 74 dfs lurd 24 290747 89857 25 627,918
6 75 dfs lurd 24 2708 851 25 6,925
6 76 dfs lurd 24 2708 851 25 7,017
6 77 dfs lurd 24 2708 851 25 6,934
6 78 dfs lurd 24 29332 9078 25 58,925
6 79 dfs lurd 24 294031 90872 25 655,492
6 80 dfs lurd 24 29332 9078 25 60,862
6 81 dfs lurd 24 5049 1577 25 12,995
6 82 dfs lurd 24 6623 2063 25 15,284
6 83 dfs lurd 24 21906 6786 25 63,889
6 84 dfs lurd 24 291592 90118 25 643,372
6 85 dfs lurd 24 308786 95433 25 627,722
6 86 dfs lurd 24 1426 455 25 4,702
6 87 dfs lurd 24 1426 455 25 4,547
6 88 dfs lurd 24 2399 756 25 6,564
6 89 dfs lurd 24 2399 756 25 6,369
6 90 dfs lurd 24 5820 1815 25 13,823
6 91 dfs lurd 24 2399 756 25 7,947
6 92 dfs lurd 24 290789 89870 25 627,464
6 93 dfs lurd 24 2750 864 25 7,513
6 94 dfs lurd 24 2750 864 25 6,974
6 95 dfs lurd 24 2750 864 25 7,483
6 96 dfs lurd 24 6908 2151 25 15,618
6 97 dfs lurd 24 22191 6874 25 44,533
6 98 dfs lurd 24 22191 6874 25 43,698
6 99 dfs lurd 24 228719 70695 25 482,449
6 100 dfs lurd 24 3233025 999072 25 6633,517
6 101 dfs lurd 24 308099 95221 25 651,942
6 102 dfs lurd 24 308099 95221 25 648,216
6 103 dfs lurd 24 2835 891 25 7,216
6 104 dfs lurd 24 2835 891 25 7,255
6 105 dfs lurd 24 23113 7159 25 45,579
6 106 dfs lurd 24 2835 891 25 7,326
6 107 dfs lurd 24 295533 91337 25 592,295
7 1 dfs lurd 23 1592 509 25 5,543
7 2 dfs lurd 23 62987 19484 25 120,772
7 3 dfs lurd 23 62987 19484 25 129,920
7 4 dfs lurd 23 913623 282344 25 1894,342
7 5 dfs lurd 23 35974 11134 25 66,754
7 6 dfs lurd 23 68947 21323 25 131,875
7 7 dfs lurd 23 919583 284183 25 1961,868
7 8 dfs lurd 23 160902 49739 25 330,897
7 9 dfs lurd 23 9934245 3069855 25 20297,089
7 10 dfs lurd 23 941691 291009 25 1943,548
7 11 dfs lurd 23 941691 291009 25 2006,896
7 12 dfs lurd 23 10443490 3227227 25 21370,729
7 13 dfs lurd 23 2078 659 25 6,961
7 14 dfs lurd 23 63473 19634 25 119,290
7 15 dfs lurd 23 63473 19634 25 120,522
7 16 dfs lurd 23 914109 282494 25 1838,913
7 17 dfs lurd 23 737771 228000 25 1516,606
7 18 dfs lurd 23 9939825 3071579 25 20350,710
7 19 dfs lurd 23 3652 1145 25 8,858
7 20 dfs lurd 23 3652 1145 25 8,763
7 21 dfs lurd 23 718102 221924 25 1469,335
7 22 dfs lurd 23 6801 2118 25 16,414
7 23 dfs lurd 23 6801 2118 25 15,371
7 24 dfs lurd 23 6801 2118 25 14,954
7 25 dfs lurd 23 88029 27218 25 173,056
7 26 dfs lurd 23 88029 27218 25 173,716
7 27 dfs lurd 23 746723 230769 25 1656,759
7 28 dfs lurd 23 88029 27218 25 169,392
7 29 dfs lurd 23 10435906 3224887 25 21343,146
7 30 dfs lurd 23 990276 306028 25 2079,615
7 31 dfs lurd 23 990276 306028 25 2088,163
7 32 dfs lurd 23 45232 13990 25 86,547
7 33 dfs lurd 23 78205 24179 25 149,905
7 34 dfs lurd 23 78205 24179 25 154,793
7 35 dfs lurd 23 90133 27864 25 173,625
7 36 dfs lurd 23 90133 27864 25 218,651
7 37 dfs lurd 23 992380 306674 25 2075,730
7 38 dfs lurd 23 992380 306674 25 2121,487
7 39 dfs lurd 23 169295 52331 25 333,551
7 40 dfs lurd 23 740584 228868 25 1593,774
7 41 dfs lurd 23 10462739 3233174 25 21536,980
7 42 dfs lurd 23 967979 299131 25 2027,162
7 43 dfs lurd 23 997474 308248 25 2120,320
7 44 dfs lurd 23 9948606 3074293 25 20749,003
7 45 dfs lurd 23 2251 711 25 9,865
7 46 dfs lurd 23 63646 19686 25 118,536
7 47 dfs lurd 23 63646 19686 25 120,812
7 48 dfs lurd 23 914282 282546 25 1853,769
7 49 dfs lurd 23 737944 228052 25 1500,709
7 50 dfs lurd 23 9939998 3071631 25 20557,713
7 51 dfs lurd 23 3825 1197 25 12,508
7 52 dfs lurd 23 3825 1197 25 9,384
7 53 dfs lurd 23 718275 221976 25 1497,253
7 54 dfs lurd 23 6974 2170 25 15,534
7 55 dfs lurd 23 6974 2170 25 22,782
7 56 dfs lurd 23 6974 2170 25 14,995
7 57 dfs lurd 23 88202 27270 25 169,509
7 58 dfs lurd 23 88202 27270 25 170,551
7 59 dfs lurd 23 746896 230821 25 1601,892
7 60 dfs lurd 23 88202 27270 25 171,320
7 61 dfs lurd 23 10436079 3224939 25 21571,413
7 62 dfs lurd 23 990449 306080 25 2133,268
7 63 dfs lurd 23 990449 306080 25 2076,006
7 64 dfs lurd 23 15755 4884 25 32,330
7 65 dfs lurd 23 721088 222844 25 1502,313
7 66 dfs lurd 23 949012 293266 25 1952,508
7 67 dfs lurd 23 10450811 3229484 25 21556,646
7 68 dfs lurd 23 10464486 3233712 25 21471,364
7 69 dfs lurd 23 4391 1370 25 10,127
7 70 dfs lurd 23 4391 1370 25 10,219
7 71 dfs lurd 23 718841 222149 25 1462,403
7 72 dfs lurd 23 7540 2343 25 23,596
7 73 dfs lurd 23 7540 2343 25 17,559
7 74 dfs lurd 23 7540 2343 25 16,199
7 75 dfs lurd 23 18603 5764 25 38,742
7 76 dfs lurd 23 18603 5764 25 38,512
7 77 dfs lurd 23 160017 49463 25 313,084
7 78 dfs lurd 23 9933360 3069579 25 20637,117
7 79 dfs lurd 23 940806 290733 25 1962,279
7 80 dfs lurd 23 940806 290733 25 1934,732
7 81 dfs lurd 23 10442605 3226951 25 21627,320
7 82 dfs lurd 23 8678 2694 25 18,717
7 83 dfs lurd 23 27984 8662 25 52,186
7 84 dfs lurd 23 8678 2694 25 18,636
7 85 dfs lurd 23 770782 238199 25 1607,784
7 86 dfs lurd 23 956155 295477 25 2020,947
7 87 dfs lurd 23 8678 2694 25 17,815
7 88 dfs lurd 23 94835 29318 25 186,646
7 89 dfs lurd 23 94835 29318 25 182,580
7 90 dfs lurd 23 764047 236117 25 1579,576
7 91 dfs lurd 23 951431 294017 25 2007,731
7 92 dfs lurd 23 951431 294017 25 1968,179
7 93 dfs lurd 23 9946805 3073737 25 20483,887
7 94 dfs lurd 23 47601 14721 25 91,499
7 95 dfs lurd 23 80574 24910 25 155,340
7 96 dfs lurd 23 80574 24910 25 155,878
7 97 dfs lurd 23 92502 28595 25 178,956
7 98 dfs lurd 23 92502 28595 25 207,881
7 99 dfs lurd 23 751196 232146 25 1577,809
7 100 dfs lurd 23 92502 28595 25 178,207
7 101 dfs lurd 23 10399880 3213749 25 21430,789
7 102 dfs lurd 23 95321 29468 25 187,908
7 103 dfs lurd 23 95321 29468 25 182,516
7 104 dfs lurd 23 172101 53198 25 338,358
7 105 dfs lurd 23 743390 229735 25 1548,918
7 106 dfs lurd 23 762687 235695 25 1721,168
7 107 dfs lurd 23 950071 293595 25 1988,861
7 108 dfs lurd 23 2293 724 25 6,133
7 109 dfs lurd 23 63688 19699 25 121,554
7 110 dfs lurd 23 63688 19699 25 120,961
7 111 dfs lurd 23 914324 282559 25 1899,328
7 112 dfs lurd 23 737986 228065 25 1487,538
7 113 dfs lurd 23 9940040 3071644 25 20550,354
7 114 dfs lurd 23 3867 1210 25 9,079
7 115 dfs lurd 23 3867 1210 25 8,814
7 116 dfs lurd 23 718317 221989 25 1491,782
7 117 dfs lurd 23 7016 2183 25 16,592
7 118 dfs lurd 23 7016 2183 25 16,059
7 119 dfs lurd 23 7016 2183 25 15,587
7 120 dfs lurd 23 88244 27283 25 172,165
7 121 dfs lurd 23 88244 27283 25 170,709
7 122 dfs lurd 23 746938 230834 25 1651,272
7 123 dfs lurd 23 88244 27283 25 171,488
7 124 dfs lurd 23 10436121 3224952 25 21450,816
7 125 dfs lurd 23 990491 306093 25 2112,826
7 126 dfs lurd 23 990491 306093 25 2082,538
7 127 dfs lurd 23 15797 4897 25 29,792
7 128 dfs lurd 23 721130 222857 25 1504,679
7 129 dfs lurd 23 761670 235379 25 1601,838
7 130 dfs lurd 23 949054 293279 25 1963,441
7 131 dfs lurd 23 10450853 3229497 25 21491,565
7 132 dfs lurd 23 10464528 3233725 25 21632,890
7 133 dfs lurd 23 4433 1383 25 9,975
7 134 dfs lurd 23 4433 1383 25 10,136
7 135 dfs lurd 23 718883 222162 25 1448,977
7 136 dfs lurd 23 7582 2356 25 16,219
7 137 dfs lurd 23 7582 2356 25 24,686
7 138 dfs lurd 23 7582 2356 25 16,586
7 139 dfs lurd 23 18645 5777 25 37,999
7 140 dfs lurd 23 18645 5777 25 37,571
7 141 dfs lurd 23 160059 49476 25 315,057
7 142 dfs lurd 23 9933402 3069592 25 20581,466
7 143 dfs lurd 23 940848 290746 25 1977,723
7 144 dfs lurd 23 940848 290746 25 2000,953
7 145 dfs lurd 23 10442647 3226964 25 21580,958
7 146 dfs lurd 23 8720 2707 25 17,989
7 147 dfs lurd 23 28026 8675 25 56,301
7 148 dfs lurd 23 8720 2707 25 19,486
7 149 dfs lurd 23 770824 238212 25 1632,972
7 150 dfs lurd 23 956197 295490 25 2042,961
7 151 dfs lurd 23 8720 2707 25 18,239
7 152 dfs lurd 23 94877 29331 25 181,884
7 153 dfs lurd 23 94877 29331 25 182,336
7 154 dfs lurd 23 764089 236130 25 1621,580
7 155 dfs lurd 23 951473 294030 25 2006,638
7 156 dfs lurd 23 951473 294030 25 2033,238
7 157 dfs lurd 23 9946847 3073750 25 20501,366
7 158 dfs lurd 23 16284 5048 25 32,022
7 159 dfs lurd 23 721617 223008 25 1506,346
7 160 dfs lurd 23 21378 6622 25 44,603
7 161 dfs lurd 23 21378 6622 25 42,960
7 162 dfs lurd 23 37864 11716 25 72,535
7 163 dfs lurd 23 70837 21905 25 130,363
7 164 dfs lurd 23 921473 284765 25 1929,193
7 165 dfs lurd 23 943581 291591 25 1985,142
7 166 dfs lurd 23 943581 291591 25 1960,233
7 167 dfs lurd 23 10445380 3227809 25 21447,314
7 168 dfs lurd 23 969719 299668 25 2109,173
7 169 dfs lurd 23 999214 308785 25 2079,930
7 170 dfs lurd 23 4568 1425 25 10,341
7 171 dfs lurd 23 4568 1425 25 10,557
7 172 dfs lurd 23 719018 222204 25 1483,857
7 173 dfs lurd 23 7717 2398 25 16,410
7 174 dfs lurd 23 7717 2398 25 17,349
7 175 dfs lurd 23 7717 2398 25 16,924
7 176 dfs lurd 23 18780 5819 25 37,356
7 177 dfs lurd 23 18780 5819 25 38,317
7 178 dfs lurd 23 160194 49518 25 326,571
7 179 dfs lurd 23 9933537 3069634 25 20509,132
7 180 dfs lurd 23 940983 290788 25 1985,861
7 181 dfs lurd 23 940983 290788 25 1950,937
7 182 dfs lurd 23 10442782 3227006 25 21400,762
7 183 dfs lurd 23 8855 2749 25 18,501
7 184 dfs lurd 23 28161 8717 25 52,988
7 185 dfs lurd 23 8855 2749 25 18,991
7 186 dfs lurd 23 770959 238254 25 1589,965
7 187 dfs lurd 23 956332 295532 25 1963,428
7 188 dfs lurd 23 8855 2749 25 18,225
7 189 dfs lurd 23 22300 6907 25 44,046
7 190 dfs lurd 23 22300 6907 25 44,251
7 191 dfs lurd 23 38786 12001 25 73,525
7 192 dfs lurd 23 71759 22190 25 133,733
7 193 dfs lurd 23 922395 285050 25 1929,203
7 194 dfs lurd 23 163714 50606 25 332,262
7 195 dfs lurd 23 9937057 3070722 25 20541,437
7 196 dfs lurd 23 168809 52181 25 344,945
7 197 dfs lurd 23 740098 228718 25 1564,840
7 198 dfs lurd 23 10462253 3233024 25 21606,845
7 199 dfs lurd 23 996988 308098 25 2124,221
7 200 dfs lurd 23 9948120 3074143 25 20778,171
7 201 dfs lurd 23 9126 2834 25 19,555
7 202 dfs lurd 23 28432 8802 25 55,971
7 203 dfs lurd 23 9126 2834 25 19,757
7 204 dfs lurd 23 912041 281851 25 1860,030
7 205 dfs lurd 23 41769 12923 25 80,680
7 206 dfs lurd 23 74742 23112 25 149,246
7 207 dfs lurd 23 74742 23112 25 148,400
7 208 dfs lurd 23 745364 230348 25 1561,890
7 209 dfs lurd 23 9126 2834 25 18,932
7 210 dfs lurd 23 10434547 3224466 25 21549,491
7 211 dfs lurd 23 956332 295532 25 2023,680
7 212 dfs lurd 23 956332 295532 25 1996,014
