1 1 dfs rdlu 1 2 2 1 2,989
1 2 dfs rdlu 1 2 2 1 2,701
2 1 dfs rdlu 2 3 3 2 2,390
2 2 dfs rdlu 2 3 3 2 2,348
2 3 dfs rdlu 24 200 80 25 2,745
2 4 dfs rdlu 2 3 3 2 2,317
3 1 dfs rdlu 3 4 4 3 2,490
3 2 dfs rdlu 3 4 4 3 4,283
3 3 dfs rdlu 23 8301 2582 25 26,657
3 4 dfs rdlu 3 4 4 3 2,638
3 5 dfs rdlu 23 244 93 25 3,188
3 6 dfs rdlu 23 8343 2595 25 29,572
3 7 dfs rdlu 23 587 199 25 4,575
3 8 dfs rdlu 23 587 199 25 4,028
3 9 dfs rdlu 23 6542 2039 25 19,094
3 10 dfs rdlu 3 4 4 3 2,685
4 1 dfs rdlu 4 5 5 4 2,335
4 2 dfs rdlu 24 29165 9030 25 67,772
4 3 dfs rdlu 4 5 5 4 3,876
4 4 dfs rdlu 24 2190 695 25 7,343
4 5 dfs rdlu 24 29207 9043 25 85,099
4 6 dfs rdlu 24 2583 816 25 8,138
4 7 dfs rdlu 24 2583 816 25 7,871
4 8 dfs rdlu 24 27721 8582 25 84,492
4 9 dfs rdlu 4 5 5 4 2,901
4 10 dfs rdlu 24 516 179 25 3,853
4 11 dfs rdlu 24 94 47 25 3,593
4 12 dfs rdlu 24 94 47 25 2,761
4 13 dfs rdlu 24 29220 9047 25 71,895
4 14 dfs rdlu 24 2596 820 25 7,707
4 15 dfs rdlu 24 2596 820 25 8,399
4 16 dfs rdlu 24 27734 8586 25 66,163
4 17 dfs rdlu 24 200 80 25 2,742
4 18 dfs rdlu 24 529 183 25 3,479
4 19 dfs rdlu 24 200 80 25 2,753
4 20 dfs rdlu 24 200 80 25 3,108
4 21 dfs rdlu 24 27786 8601 25 91,286
4 22 dfs rdlu 24 2040 649 25 11,628
4 23 dfs rdlu 24 2040 649 25 8,217
4 24 dfs rdlu 24 21761 6743 25 73,467
5 1 dfs rdlu 5 6 6 5 2,726
5 2 dfs rdlu 23 91233 28206 25 234,790
5 3 dfs rdlu 23 94323 29164 25 207,005
5 4 dfs rdlu 23 94323 29164 25 242,125
5 5 dfs rdlu 23 996299 307889 25 2313,199
5 6 dfs rdlu 5 6 6 5 2,401
5 7 dfs rdlu 23 71070 21981 25 148,814
5 8 dfs rdlu 23 7028 2189 25 16,726
5 9 dfs rdlu 23 7028 2189 25 16,601
5 10 dfs rdlu 23 3879 1216 25 9,599
5 11 dfs rdlu 23 94458 29206 25 187,770
5 12 dfs rdlu 23 94458 29206 25 215,647
5 13 dfs rdlu 23 996434 307931 25 2500,398
5 14 dfs rdlu 23 8301 2582 25 21,670
5 15 dfs rdlu 23 38274 11847 25 79,101
5 16 dfs rdlu 23 8301 2582 25 18,941
5 17 dfs rdlu 23 8301 2582 25 19,345
5 18 dfs rdlu 23 997000 308104 25 2339,289
5 19 dfs rdlu 23 89659 27720 25 183,973
5 20 dfs rdlu 23 89659 27720 25 262,099
5 21 dfs rdlu 23 948365 293070 25 2511,751
5 22 dfs rdlu 23 15108 4688 25 47,486
5 23 dfs rdlu 23 1604 515 25 7,868
5 24 dfs rdlu 23 1604 515 25 11,894
5 25 dfs rdlu 23 68472 21178 25 187,728
5 26 dfs rdlu 23 244 93 25 3,506
5 27 dfs rdlu 23 244 93 25 3,564
5 28 dfs rdlu 23 94500 29219 25 250,522
5 29 dfs rdlu 23 94500 29219 25 299,199
5 30 dfs rdlu 23 996476 307944 25 2436,019
5 31 dfs rdlu 23 8343 2595 25 21,762
5 32 dfs rdlu 23 71247 22036 25 177,348
5 33 dfs rdlu 23 8343 2595 25 22,085
5 34 dfs rdlu 23 8343 2595 25 24,375
5 35 dfs rdlu 23 997042 308117 25 2452,639
5 36 dfs rdlu 23 89701 27733 25 184,591
5 37 dfs rdlu 23 89701 27733 25 184,654
5 38 dfs rdlu 23 948407 293083 25 2329,381
5 39 dfs rdlu 23 15150 4701 25 33,393
5 40 dfs rdlu 23 1646 528 25 6,321
5 41 dfs rdlu 23 1646 528 25 5,867
5 42 dfs rdlu 23 587 199 25 3,754
5 43 dfs rdlu 23 587 199 25 3,885
5 44 dfs rdlu 23 587 199 25 4,076
5 45 dfs rdlu 23 997215 308169 25 2477,400
5 46 dfs rdlu 23 89874 27785 25 187,471
5 47 dfs rdlu 23 89874 27785 25 191,398
5 48 dfs rdlu 23 948580 293135 25 2297,994
5 49 dfs rdlu 23 15323 4753 25 34,233
5 50 dfs rdlu 23 87770 27139 25 193,163
5 51 dfs rdlu 23 6542 2039 25 15,764
5 52 dfs rdlu 23 3393 1066 25 10,024
5 53 dfs rdlu 23 949066 293285 25 2395,645
5 54 dfs rdlu 23 70362 21760 25 143,011
6 1 dfs rdlu 6 7 7 6 2,208
6 2 dfs rdlu 24 293779 90797 25 631,837
6 3 dfs rdlu 24 28207 8732 25 57,004
6 4 dfs rdlu 24 28207 8732 25 58,795
6 5 dfs rdlu 24 24522 7594 25 51,645
6 6 dfs rdlu 24 29165 9030 25 75,111
6 7 dfs rdlu 24 148615 45940 25 375,924
6 8 dfs rdlu 24 29165 9030 25 71,632
6 9 dfs rdlu 24 307890 95160 25 895,243
6 10 dfs rdlu 24 307890 95160 25 741,118
6 11 dfs rdlu 24 3232816 999011 25 7014,583
6 12 dfs rdlu 24 228510 70634 25 498,807
6 13 dfs rdlu 24 21982 6813 25 46,660
6 14 dfs rdlu 24 21982 6813 25 47,794
6 15 dfs rdlu 24 6699 2090 25 15,323
6 16 dfs rdlu 24 290580 89809 25 623,026
6 17 dfs rdlu 24 2190 695 25 6,489
6 18 dfs rdlu 24 5611 1754 25 13,123
6 19 dfs rdlu 24 2190 695 25 6,432
6 20 dfs rdlu 24 2190 695 25 6,492
6 21 dfs rdlu 24 1217 394 25 4,971
6 22 dfs rdlu 24 1217 394 25 5,398
6 23 dfs rdlu 24 29207 9043 25 79,780
6 24 dfs rdlu 24 293906 90837 25 733,831
6 25 dfs rdlu 24 29207 9043 25 78,793
6 26 dfs rdlu 24 307932 95173 25 740,072
6 27 dfs rdlu 24 307932 95173 25 788,341
6 28 dfs rdlu 24 3232858 999024 25 7249,165
6 29 dfs rdlu 24 121864 37678 25 258,288
6 30 dfs rdlu 24 11848 3681 25 24,517
6 31 dfs rdlu 24 11848 3681 25 25,197
6 32 dfs rdlu 24 6741 2103 25 15,856
6 33 dfs rdlu 24 2583 816 25 7,544
6 34 dfs rdlu 24 2583 816 25 7,020
6 35 dfs rdlu 24 2583 816 25 7,163
6 36 dfs rdlu 24 308105 95225 25 692,736
6 37 dfs rdlu 24 308105 95225 25 664,223
6 38 dfs rdlu 24 3233031 999076 25 7449,570
6 39 dfs rdlu 24 68739 21259 25 135,443
6 40 dfs rdlu 24 306531 94739 25 635,846
6 41 dfs rdlu 24 27721 8582 25 61,502
6 42 dfs rdlu 24 13860 4299 25 28,244
6 43 dfs rdlu 24 3233517 999226 25 7008,637
6 44 dfs rdlu 24 293071 90576 25 612,798
6 45 dfs rdlu 24 4689 1469 25 12,110
6 46 dfs rdlu 24 121169 37463 25 254,327
6 47 dfs rdlu 24 19491 6046 25 43,144
6 48 dfs rdlu 24 516 179 25 3,218
6 49 dfs rdlu 24 290865 89897 25 654,535
6 50 dfs rdlu 24 21179 6565 25 45,362
6 51 dfs rdlu 24 21179 6565 25 48,352
6 52 dfs rdlu 24 227706 70385 25 549,328
6 53 dfs rdlu 24 94 47 25 2,527
6 54 dfs rdlu 24 94 47 25 2,880
6 55 dfs rdlu 24 29220 9047 25 71,911
6 56 dfs rdlu 24 293919 90841 25 742,509
6 57 dfs rdlu 24 29220 9047 25 66,502
6 58 dfs rdlu 24 307945 95177 25 795,014
6 59 dfs rdlu 24 307945 95177 25 727,724
6 60 dfs rdlu 24 3232871 999028 25 7282,594
6 61 dfs rdlu 24 228565 70651 25 504,031
6 62 dfs rdlu 24 22037 6830 25 50,026
6 63 dfs rdlu 24 22037 6830 25 51,941
6 64 dfs rdlu 24 6754 2107 25 24,372
6 65 dfs rdlu 24 2596 820 25 11,378
6 66 dfs rdlu 24 2596 820 25 9,250
6 67 dfs rdlu 24 2596 820 25 15,288
6 68 dfs rdlu 24 308118 95229 25 931,870
6 69 dfs rdlu 24 308118 95229 25 924,823
6 70 dfs rdlu 24 3233044 999080 25 7218,568
6 71 dfs rdlu 24 228738 70703 25 480,884
6 72 dfs rdlu 24 306544 94743 25 848,731
6 73 dfs rdlu 24 27734 8586 25 67,645
6 74 dfs rdlu 24 24049 7448 25 49,511
6 75 dfs rdlu 24 3233530 999230 25 6623,762
6 76 dfs rdlu 24 293084 90580 25 591,239
6 77 dfs rdlu 24 4702 1473 25 10,854
6 78 dfs rdlu 24 227870 70436 25 452,170
6 79 dfs rdlu 24 19504 6050 25 41,474
6 80 dfs rdlu 24 529 183 25 3,159
6 81 dfs rdlu 24 200 80 25 2,489
6 82 dfs rdlu 24 305219 94337 25 624,942
6 83 dfs rdlu 24 200 80 25 2,629
6 84 dfs rdlu 24 22724 7042 25 45,494
6 85 dfs rdlu 24 200 80 25 2,500
6 86 dfs rdlu 24 308170 95244 25 645,316
6 87 dfs rdlu 24 308170 95244 25 640,510
6 88 dfs rdlu 24 3233096 999095 25 6588,864
6 89 dfs rdlu 24 228790 70718 25 454,493
6 90 dfs rdlu 24 306596 94758 25 614,710
6 91 dfs rdlu 24 27786 8601 25 54,323
6 92 dfs rdlu 24 24101 7463 25 48,296
6 93 dfs rdlu 24 3233582 999245 25 8103,469
6 94 dfs rdlu 24 293136 90595 25 581,025
6 95 dfs rdlu 24 4754 1488 25 11,052
6 96 dfs rdlu 24 305950 94562 25 611,076
6 97 dfs rdlu 24 27140 8405 25 55,517
6 98 dfs rdlu 24 27140 8405 25 74,795
6 99 dfs rdlu 24 2040 649 25 9,159
6 100 dfs rdlu 24 2040 649 25 6,057
6 101 dfs rdlu 24 1067 348 25 4,359
6 102 dfs rdlu 24 1067 348 25 4,568
6 103 dfs rdlu 24 3233732 999291 25 7388,728
6 104 dfs rdlu 24 293286 90641 25 623,357
6 105 dfs rdlu 24 291447 90075 25 587,189
6 106 dfs rdlu 24 21761 6743 25 45,388
6 107 dfs rdlu 24 6478 2020 25 15,106
7 1 dfs rdlu 23 9946022 3073498 25 21054,390
7 2 dfs rdlu 23 950648 293778 25 2504,431
7 3 dfs rdlu 23 950648 293778 25 2456,088
7 4 dfs rdlu 23 763264 235878 25 1611,687
7 5 dfs rdlu 23 10439110 3225875 25 24458,630
7 6 dfs rdlu 23 91233 28206 25 202,419
7 7 dfs rdlu 23 749927 231757 25 1807,472
7 8 dfs rdlu 23 91233 28206 25 235,863
7 9 dfs rdlu 23 91233 28206 25 204,215
7 10 dfs rdlu 23 79305 24521 25 174,594
7 11 dfs rdlu 23 79305 24521 25 171,721
7 12 dfs rdlu 23 46332 14332 25 95,277
7 13 dfs rdlu 23 5022261 1551976 25 14418,585
7 14 dfs rdlu 23 480877 148614 25 2532,620
7 15 dfs rdlu 23 480877 148614 25 1968,432
7 16 dfs rdlu 23 763535 235963 25 2889,198
7 17 dfs rdlu 23 94323 29164 25 281,381
7 18 dfs rdlu 23 94323 29164 25 273,910
7 19 dfs rdlu 23 2562040 791727 25 6765,736
7 20 dfs rdlu 23 996299 307889 25 2787,843
7 21 dfs rdlu 23 496762 153523 25 2109,788
7 22 dfs rdlu 23 10461564 3232815 25 26091,994
7 23 dfs rdlu 23 739409 228509 25 2063,030
7 24 dfs rdlu 23 168120 51972 25 520,969
7 25 dfs rdlu 23 5012336 1548906 25 12337,126
7 26 dfs rdlu 23 163025 50397 25 364,968
7 27 dfs rdlu 23 921706 284841 25 2287,972
7 28 dfs rdlu 23 71070 21981 25 155,776
7 29 dfs rdlu 23 38097 11792 25 83,581
7 30 dfs rdlu 23 21611 6698 25 48,884
7 31 dfs rdlu 23 21611 6698 25 48,592
7 32 dfs rdlu 23 10442093 3226797 25 25370,302
7 33 dfs rdlu 23 940294 290579 25 2444,367
7 34 dfs rdlu 23 940294 290579 25 2691,248
7 35 dfs rdlu 23 9932848 3069425 25 24498,333
7 36 dfs rdlu 23 159505 49309 25 369,272
7 37 dfs rdlu 23 18091 5610 25 52,147
7 38 dfs rdlu 23 18091 5610 25 51,303
7 39 dfs rdlu 23 7028 2189 25 23,359
7 40 dfs rdlu 23 7028 2189 25 28,019
7 41 dfs rdlu 23 7028 2189 25 32,302
7 42 dfs rdlu 23 718329 221995 25 2076,445
7 43 dfs rdlu 23 3879 1216 25 10,714
7 44 dfs rdlu 23 3879 1216 25 12,110
7 45 dfs rdlu 23 9946428 3073625 25 23915,563
7 46 dfs rdlu 23 951054 293905 25 2428,520
7 47 dfs rdlu 23 951054 293905 25 2765,098
7 48 dfs rdlu 23 418419 129317 25 1116,821
7 49 dfs rdlu 23 94458 29206 25 298,335
7 50 dfs rdlu 23 94458 29206 25 306,944
7 51 dfs rdlu 23 9947566 3073976 25 24984,888
7 52 dfs rdlu 23 996434 307931 25 2735,066
7 53 dfs rdlu 23 966939 298814 25 2807,105
7 54 dfs rdlu 23 10461699 3232857 25 26283,155
7 55 dfs rdlu 23 394293 121863 25 1015,878
7 56 dfs rdlu 23 168255 52014 25 540,409
7 57 dfs rdlu 23 9936503 3070555 25 25931,805
7 58 dfs rdlu 23 163160 50439 25 442,830
7 59 dfs rdlu 23 921841 284883 25 2767,521
7 60 dfs rdlu 23 38274 11847 25 91,808
7 61 dfs rdlu 23 38232 11834 25 94,170
7 62 dfs rdlu 23 21746 6740 25 55,588
7 63 dfs rdlu 23 21746 6740 25 55,104
7 64 dfs rdlu 23 8301 2582 25 22,128
7 65 dfs rdlu 23 955778 295365 25 2943,428
7 66 dfs rdlu 23 8301 2582 25 22,518
7 67 dfs rdlu 23 27607 8550 25 85,594
7 68 dfs rdlu 23 8301 2582 25 27,217
7 69 dfs rdlu 23 9948132 3074149 25 25317,406
7 70 dfs rdlu 23 997000 308104 25 2902,035
7 71 dfs rdlu 23 967505 298987 25 2782,080
7 72 dfs rdlu 23 10462265 3233030 25 26702,816
7 73 dfs rdlu 23 222386 68738 25 590,442
7 74 dfs rdlu 23 168821 52187 25 498,412
7 75 dfs rdlu 23 991906 306530 25 3370,492
7 76 dfs rdlu 23 991906 306530 25 3034,561
7 77 dfs rdlu 23 89659 27720 25 238,439
7 78 dfs rdlu 23 89659 27720 25 213,910
7 79 dfs rdlu 23 44800 13859 25 105,900
7 80 dfs rdlu 23 44800 13859 25 115,412
7 81 dfs rdlu 23 44758 13846 25 108,780
7 82 dfs rdlu 23 10463839 3233516 25 25644,590
7 83 dfs rdlu 23 10450164 3229288 25 24698,046
7 84 dfs rdlu 23 948365 293070 25 2410,045
7 85 dfs rdlu 23 243257 75184 25 578,971
7 86 dfs rdlu 23 375190 115960 25 952,894
7 87 dfs rdlu 23 15108 4688 25 40,547
7 88 dfs rdlu 23 9939351 3071435 25 24053,594
7 89 dfs rdlu 23 392046 121168 25 923,441
7 90 dfs rdlu 23 913635 282350 25 2371,145
7 91 dfs rdlu 23 62999 19490 25 158,565
7 92 dfs rdlu 23 62999 19490 25 152,389
7 93 dfs rdlu 23 1604 515 25 5,149
7 94 dfs rdlu 23 10443015 3227082 25 25085,433
7 95 dfs rdlu 23 941216 290864 25 2689,317
7 96 dfs rdlu 23 941216 290864 25 2770,390
7 97 dfs rdlu 23 9933770 3069710 25 25781,662
7 98 dfs rdlu 23 160427 49594 25 433,541
7 99 dfs rdlu 23 919108 284038 25 2761,311
7 100 dfs rdlu 23 68472 21178 25 169,300
7 101 dfs rdlu 23 35499 10989 25 97,488
7 102 dfs rdlu 23 9938864 3071284 25 25158,407
7 103 dfs rdlu 23 736810 227705 25 2004,780
7 104 dfs rdlu 23 244 93 25 3,867
7 105 dfs rdlu 23 244 93 25 4,665
7 106 dfs rdlu 23 907717 280519 25 2610,481
7 107 dfs rdlu 23 244 93 25 3,673
7 108 dfs rdlu 23 9946470 3073638 25 24937,802
7 109 dfs rdlu 23 951096 293918 25 2618,053
7 110 dfs rdlu 23 951096 293918 25 2698,009
7 111 dfs rdlu 23 763712 236018 25 2097,322
7 112 dfs rdlu 23 94500 29219 25 290,368
7 113 dfs rdlu 23 94500 29219 25 272,846
7 114 dfs rdlu 23 9947608 3073989 25 24395,954
7 115 dfs rdlu 23 996476 307944 25 2615,187
7 116 dfs rdlu 23 966981 298827 25 2767,449
7 117 dfs rdlu 23 10461741 3232870 25 25871,424
7 118 dfs rdlu 23 739586 228564 25 1902,954
7 119 dfs rdlu 23 168297 52027 25 522,538
7 120 dfs rdlu 23 9936545 3070568 25 25304,943
7 121 dfs rdlu 23 163202 50452 25 404,648
7 122 dfs rdlu 23 921883 284896 25 2747,732
7 123 dfs rdlu 23 71247 22036 25 175,711
7 124 dfs rdlu 23 38274 11847 25 89,439
7 125 dfs rdlu 23 21788 6753 25 65,578
7 126 dfs rdlu 23 21788 6753 25 60,002
7 127 dfs rdlu 23 8343 2595 25 26,131
7 128 dfs rdlu 23 955820 295378 25 2978,687
7 129 dfs rdlu 23 73473 22723 25 173,279
7 130 dfs rdlu 23 8343 2595 25 21,879
7 131 dfs rdlu 23 27649 8563 25 82,542
7 132 dfs rdlu 23 8343 2595 25 25,978
7 133 dfs rdlu 23 9948174 3074162 25 23433,164
7 134 dfs rdlu 23 997042 308117 25 2395,636
7 135 dfs rdlu 23 967547 299000 25 2311,909
7 136 dfs rdlu 23 10462307 3233043 25 24141,402
7 137 dfs rdlu 23 740152 228737 25 1829,766
7 138 dfs rdlu 23 168863 52200 25 416,668
7 139 dfs rdlu 23 991948 306543 25 2512,621
7 140 dfs rdlu 23 991948 306543 25 2406,130
7 141 dfs rdlu 23 89701 27733 25 231,080
7 142 dfs rdlu 23 89701 27733 25 202,320
7 143 dfs rdlu 23 77773 24048 25 174,788
7 144 dfs rdlu 23 77773 24048 25 176,744
7 145 dfs rdlu 23 44800 13859 25 98,070
7 146 dfs rdlu 23 10463881 3233529 25 25648,046
7 147 dfs rdlu 23 10450206 3229301 25 25273,771
7 148 dfs rdlu 23 948407 293083 25 2501,383
7 149 dfs rdlu 23 761023 235183 25 2119,563
7 150 dfs rdlu 23 720483 222661 25 2210,564
7 151 dfs rdlu 23 15150 4701 25 45,171
7 152 dfs rdlu 23 9939393 3071448 25 24093,976
7 153 dfs rdlu 23 737339 227869 25 1874,270
7 154 dfs rdlu 23 913677 282363 25 2550,824
7 155 dfs rdlu 23 63041 19503 25 194,997
7 156 dfs rdlu 23 63041 19503 25 164,022
7 157 dfs rdlu 23 1646 528 25 7,267
7 158 dfs rdlu 23 587 199 25 3,447
7 159 dfs rdlu 23 955334 295228 25 2849,881
7 160 dfs rdlu 23 987648 305218 25 2788,655
7 161 dfs rdlu 23 987648 305218 25 2720,505
7 162 dfs rdlu 23 10433278 3224077 25 25499,106
7 163 dfs rdlu 23 587 199 25 3,754
7 164 dfs rdlu 23 744095 229959 25 2175,706
7 165 dfs rdlu 23 73473 22723 25 224,024
7 166 dfs rdlu 23 73473 22723 25 228,297
7 167 dfs rdlu 23 40500 12534 25 118,277
7 168 dfs rdlu 23 715037 220978 25 2078,822
7 169 dfs rdlu 23 587 199 25 6,458
7 170 dfs rdlu 23 9948347 3074214 25 23772,737
7 171 dfs rdlu 23 997215 308169 25 2042,587
7 172 dfs rdlu 23 967720 299052 25 2054,590
7 173 dfs rdlu 23 10462480 3233095 25 21283,008
7 174 dfs rdlu 23 740325 228789 25 1520,032
7 175 dfs rdlu 23 169036 52252 25 339,389
7 176 dfs rdlu 23 992121 306595 25 2070,109
7 177 dfs rdlu 23 992121 306595 25 2029,627
7 178 dfs rdlu 23 89874 27785 25 178,031
7 179 dfs rdlu 23 89874 27785 25 179,140
7 180 dfs rdlu 23 77946 24100 25 155,718
7 181 dfs rdlu 23 77946 24100 25 155,773
7 182 dfs rdlu 23 44973 13911 25 98,146
7 183 dfs rdlu 23 10464054 3233581 25 21181,682
7 184 dfs rdlu 23 10450379 3229353 25 21217,458
7 185 dfs rdlu 23 948580 293135 25 1975,506
7 186 dfs rdlu 23 761196 235235 25 1569,985
7 187 dfs rdlu 23 720656 222713 25 1547,839
7 188 dfs rdlu 23 15323 4753 25 31,182
7 189 dfs rdlu 23 990017 305949 25 2034,734
7 190 dfs rdlu 23 990017 305949 25 2062,908
7 191 dfs rdlu 23 10435647 3224808 25 22861,309
7 192 dfs rdlu 23 87770 27139 25 185,332
7 193 dfs rdlu 23 746464 230690 25 1614,492
7 194 dfs rdlu 23 87770 27139 25 185,105
7 195 dfs rdlu 23 87770 27139 25 185,747
7 196 dfs rdlu 23 6542 2039 25 16,855
7 197 dfs rdlu 23 6542 2039 25 16,822
7 198 dfs rdlu 23 6542 2039 25 15,443
7 199 dfs rdlu 23 3393 1066 25 8,562
7 200 dfs rdlu 23 3393 1066 25 9,417
7 201 dfs rdlu 23 10464540 3233731 25 22080,114
7 202 dfs rdlu 23 10450865 3229503 25 21922,882
7 203 dfs rdlu 23 949066 293285 25 2067,674
7 204 dfs rdlu 23 761682 235385 25 1631,704
7 205 dfs rdlu 23 10444905 3227664 25 22051,725
7 206 dfs rdlu 23 943106 291446 25 2058,058
7 207 dfs rdlu 23 943106 291446 25 2058,681
7 208 dfs rdlu 23 920998 284620 25 1980,894
7 209 dfs rdlu 23 70362 21760 25 142,852
7 210 dfs rdlu 23 37389 11571 25 77,915
7 211 dfs rdlu 23 20903 6477 25 46,125
7 212 dfs rdlu 23 20903 6477 25 44,718
