1 1 dfs rdul 1 2 2 1 2,372
1 2 dfs rdul 1 2 2 1 2,427
2 1 dfs rdul 2 3 3 2 2,508
2 2 dfs rdul 2 3 3 2 4,135
2 3 dfs rdul 24 107 51 25 2,875
2 4 dfs rdul 2 3 3 2 4,197
3 1 dfs rdul 3 4 4 3 2,364
3 2 dfs rdul 3 4 4 3 2,269
3 3 dfs rdul 23 1739 557 25 5,908
3 4 dfs rdul 3 4 4 3 2,332
3 5 dfs rdul 23 545 186 25 3,550
3 6 dfs rdul 23 1781 570 25 6,044
3 7 dfs rdul 23 286 106 25 2,993
3 8 dfs rdul 23 286 106 25 3,034
3 9 dfs rdul 23 4094 1281 25 11,075
3 10 dfs rdul 3 4 4 3 2,474
4 1 dfs rdul 4 5 5 4 2,394
4 2 dfs rdul 24 4774 1496 25 12,105
4 3 dfs rdul 4 5 5 4 2,248
4 4 dfs rdul 24 1002 329 25 4,444
4 5 dfs rdul 24 4816 1509 25 11,762
4 6 dfs rdul 24 558 192 25 4,463
4 7 dfs rdul 24 558 192 25 3,499
4 8 dfs rdul 24 6914 2155 25 17,347
4 9 dfs rdul 4 5 5 4 2,255
4 10 dfs rdul 24 2541 803 25 7,340
4 11 dfs rdul 24 187 76 25 2,889
4 12 dfs rdul 24 187 76 25 2,793
4 13 dfs rdul 24 4829 1513 25 12,210
4 14 dfs rdul 24 571 196 25 3,640
4 15 dfs rdul 24 571 196 25 3,628
4 16 dfs rdul 24 6927 2159 25 21,203
4 17 dfs rdul 24 107 51 25 3,999
4 18 dfs rdul 24 2554 807 25 8,364
4 19 dfs rdul 24 107 51 25 2,898
4 20 dfs rdul 24 107 51 25 2,855
4 21 dfs rdul 24 6979 2174 25 17,417
4 22 dfs rdul 24 1282 413 25 8,117
4 23 dfs rdul 24 1282 413 25 4,856
4 24 dfs rdul 24 14548 4510 25 31,845
5 1 dfs rdul 5 6 6 5 4,192
5 2 dfs rdul 23 20202 6262 25 77,123
5 3 dfs rdul 23 15379 4773 25 36,606
5 4 dfs rdul 23 15379 4773 25 35,169
5 5 dfs rdul 23 169529 52408 25 391,348
5 6 dfs rdul 5 6 6 5 2,341
5 7 dfs rdul 23 44057 13631 25 95,859
5 8 dfs rdul 23 3178 1001 25 8,355
5 9 dfs rdul 23 3178 1001 25 8,497
5 10 dfs rdul 23 6327 1974 25 22,999
5 11 dfs rdul 23 15514 4815 25 45,603
5 12 dfs rdul 23 15514 4815 25 32,021
5 13 dfs rdul 23 169664 52450 25 355,838
5 14 dfs rdul 23 1739 557 25 6,123
5 15 dfs rdul 23 44192 13673 25 101,041
5 16 dfs rdul 23 1739 557 25 6,089
5 17 dfs rdul 23 1739 557 25 6,206
5 18 dfs rdul 23 170230 52623 25 365,970
5 19 dfs rdul 23 22312 6913 25 47,998
5 20 dfs rdul 23 22312 6913 25 49,021
5 21 dfs rdul 23 247600 76528 25 536,019
5 22 dfs rdul 23 94052 29079 25 197,587
5 23 dfs rdul 23 8166 2540 25 19,174
5 24 dfs rdul 23 8166 2540 25 19,013
5 25 dfs rdul 23 42733 13222 25 89,304
5 26 dfs rdul 23 545 186 25 5,597
5 27 dfs rdul 23 545 186 25 3,464
5 28 dfs rdul 23 15556 4828 25 32,452
5 29 dfs rdul 23 15556 4828 25 33,469
5 30 dfs rdul 23 169706 52463 25 362,812
5 31 dfs rdul 23 1781 570 25 5,755
5 32 dfs rdul 23 44234 13686 25 92,064
5 33 dfs rdul 23 1781 570 25 5,969
5 34 dfs rdul 23 1781 570 25 6,230
5 35 dfs rdul 23 170272 52636 25 363,199
5 36 dfs rdul 23 22354 6926 25 47,552
5 37 dfs rdul 23 22354 6926 25 54,399
5 38 dfs rdul 23 247642 76541 25 529,815
5 39 dfs rdul 23 94094 29092 25 251,749
5 40 dfs rdul 23 8208 2553 25 20,792
5 41 dfs rdul 23 8208 2553 25 19,835
5 42 dfs rdul 23 286 106 25 3,005
5 43 dfs rdul 23 286 106 25 3,116
5 44 dfs rdul 23 286 106 25 3,051
5 45 dfs rdul 23 170445 52688 25 342,414
5 46 dfs rdul 23 22527 6978 25 52,803
5 47 dfs rdul 23 22527 6978 25 47,922
5 48 dfs rdul 23 247815 76593 25 524,652
5 49 dfs rdul 23 94267 29144 25 234,362
5 50 dfs rdul 23 19715 6111 25 74,656
5 51 dfs rdul 23 4094 1281 25 11,503
5 52 dfs rdul 23 7243 2254 25 19,013
5 53 dfs rdul 23 248301 76743 25 571,290
5 54 dfs rdul 23 47033 14547 25 141,612
6 1 dfs rdul 6 7 7 6 2,583
6 2 dfs rdul 24 74419 23014 25 175,101
6 3 dfs rdul 24 6263 1955 25 16,040
6 4 dfs rdul 24 6263 1955 25 16,098
6 5 dfs rdul 24 11357 3529 25 25,608
6 6 dfs rdul 24 4774 1496 25 16,046
6 7 dfs rdul 24 74504 23041 25 154,388
6 8 dfs rdul 24 4774 1496 25 11,172
6 9 dfs rdul 24 52409 16216 25 105,889
6 10 dfs rdul 24 52409 16216 25 106,871
6 11 dfs rdul 24 557317 172241 25 1211,919
6 12 dfs rdul 24 153033 47305 25 329,525
6 13 dfs rdul 24 13632 4230 25 29,701
6 14 dfs rdul 24 13632 4230 25 28,812
6 15 dfs rdul 24 27506 8517 25 73,607
6 16 dfs rdul 24 72414 22397 25 235,191
6 17 dfs rdul 24 1002 329 25 4,539
6 18 dfs rdul 24 26639 8251 25 76,341
6 19 dfs rdul 24 1002 329 25 4,706
6 20 dfs rdul 24 1002 329 25 4,500
6 21 dfs rdul 24 1975 630 25 6,445
6 22 dfs rdul 24 1975 630 25 6,456
6 23 dfs rdul 24 4816 1509 25 12,090
6 24 dfs rdul 24 74546 23054 25 159,178
6 25 dfs rdul 24 4816 1509 25 13,507
6 26 dfs rdul 24 52451 16229 25 111,611
6 27 dfs rdul 24 52451 16229 25 112,177
6 28 dfs rdul 24 557359 172254 25 1183,266
6 29 dfs rdul 24 153075 47318 25 333,673
6 30 dfs rdul 24 13674 4243 25 29,597
6 31 dfs rdul 24 13674 4243 25 30,793
6 32 dfs rdul 24 27548 8530 25 56,850
6 33 dfs rdul 24 558 192 25 3,483
6 34 dfs rdul 24 558 192 25 6,813
6 35 dfs rdul 24 558 192 25 6,592
6 36 dfs rdul 24 52624 16281 25 115,167
6 37 dfs rdul 24 52624 16281 25 111,295
6 38 dfs rdul 24 557532 172306 25 1178,930
6 39 dfs rdul 24 153248 47370 25 334,430
6 40 dfs rdul 24 51486 15930 25 107,248
6 41 dfs rdul 24 6914 2155 25 17,041
6 42 dfs rdul 24 12008 3729 25 25,185
6 43 dfs rdul 24 558018 172456 25 1193,924
6 44 dfs rdul 24 76529 23665 25 165,296
6 45 dfs rdul 24 29080 9003 25 78,351
6 46 dfs rdul 24 152295 47076 25 311,024
6 47 dfs rdul 24 9918 3085 25 21,186
6 48 dfs rdul 24 2541 803 25 6,899
6 49 dfs rdul 24 72872 22537 25 166,564
6 50 dfs rdul 24 13223 4104 25 27,141
6 51 dfs rdul 24 13223 4104 25 26,941
6 52 dfs rdul 24 152187 47043 25 339,542
6 53 dfs rdul 24 187 76 25 2,747
6 54 dfs rdul 24 187 76 25 2,834
6 55 dfs rdul 24 4829 1513 25 12,644
6 56 dfs rdul 24 74559 23058 25 168,588
6 57 dfs rdul 24 4829 1513 25 12,163
6 58 dfs rdul 24 52464 16233 25 107,219
6 59 dfs rdul 24 52464 16233 25 110,435
6 60 dfs rdul 24 557372 172258 25 1176,376
6 61 dfs rdul 24 153088 47322 25 320,190
6 62 dfs rdul 24 13687 4247 25 29,212
6 63 dfs rdul 24 13687 4247 25 29,026
6 64 dfs rdul 24 27561 8534 25 56,338
6 65 dfs rdul 24 571 196 25 6,397
6 66 dfs rdul 24 571 196 25 4,866
6 67 dfs rdul 24 571 196 25 3,890
6 68 dfs rdul 24 52637 16285 25 108,541
6 69 dfs rdul 24 52637 16285 25 103,889
6 70 dfs rdul 24 557545 172310 25 1191,605
6 71 dfs rdul 24 153261 47374 25 324,927
6 72 dfs rdul 24 51499 15934 25 115,904
6 73 dfs rdul 24 6927 2159 25 16,711
6 74 dfs rdul 24 12021 3733 25 27,414
6 75 dfs rdul 24 558031 172460 25 1285,264
6 76 dfs rdul 24 76542 23669 25 166,088
6 77 dfs rdul 24 29093 9007 25 64,427
6 78 dfs rdul 24 152308 47080 25 318,584
6 79 dfs rdul 24 9931 3089 25 20,930
6 80 dfs rdul 24 2554 807 25 6,868
6 81 dfs rdul 24 107 51 25 2,599
6 82 dfs rdul 24 49780 15406 25 104,323
6 83 dfs rdul 24 107 51 25 2,398
6 84 dfs rdul 24 10302 3205 25 21,289
6 85 dfs rdul 24 107 51 25 2,512
6 86 dfs rdul 24 52689 16300 25 109,789
6 87 dfs rdul 24 52689 16300 25 111,701
6 88 dfs rdul 24 557597 172325 25 1161,525
6 89 dfs rdul 24 153313 47389 25 329,063
6 90 dfs rdul 24 51551 15949 25 110,027
6 91 dfs rdul 24 6979 2174 25 24,207
6 92 dfs rdul 24 12073 3748 25 24,999
6 93 dfs rdul 24 558083 172475 25 1169,094
6 94 dfs rdul 24 76594 23684 25 160,410
6 95 dfs rdul 24 29145 9022 25 65,407
6 96 dfs rdul 24 50684 15683 25 105,738
6 97 dfs rdul 24 6112 1908 25 15,729
6 98 dfs rdul 24 6112 1908 25 16,424
6 99 dfs rdul 24 1282 413 25 5,419
6 100 dfs rdul 24 1282 413 25 9,371
6 101 dfs rdul 24 2255 714 25 11,321
6 102 dfs rdul 24 2255 714 25 8,482
6 103 dfs rdul 24 558233 172521 25 1159,657
6 104 dfs rdul 24 76744 23730 25 177,948
6 105 dfs rdul 24 74197 22943 25 159,066
6 106 dfs rdul 24 14548 4510 25 31,386
6 107 dfs rdul 24 28422 8797 25 67,209
7 1 dfs rdul 23 2607435 805758 25 5320,163
7 2 dfs rdul 23 240767 74418 25 470,084
7 3 dfs rdul 23 240767 74418 25 472,198
7 4 dfs rdul 23 475871 147065 25 973,437
7 5 dfs rdul 23 1778719 549675 25 3567,306
7 6 dfs rdul 23 20202 6262 25 40,634
7 7 dfs rdul 23 464817 143652 25 925,200
7 8 dfs rdul 23 20202 6262 25 41,591
7 9 dfs rdul 23 20202 6262 25 40,960
7 10 dfs rdul 23 36688 11356 25 70,835
7 11 dfs rdul 23 36688 11356 25 70,729
7 12 dfs rdul 23 69661 21545 25 132,316
7 13 dfs rdul 23 2607706 805843 25 5170,566
7 14 dfs rdul 23 241038 74503 25 472,109
7 15 dfs rdul 23 241038 74503 25 486,388
7 16 dfs rdul 23 476142 147150 25 982,629
7 17 dfs rdul 23 15379 4773 25 30,357
7 18 dfs rdul 23 15379 4773 25 30,525
7 19 dfs rdul 23 2608844 806194 25 5192,745
7 20 dfs rdul 23 169529 52408 25 347,964
7 21 dfs rdul 23 222879 68894 25 439,292
7 22 dfs rdul 23 1803448 557316 25 3588,862
7 23 dfs rdul 23 495176 153032 25 1009,625
7 24 dfs rdul 23 994890 307453 25 2045,466
7 25 dfs rdul 23 2596372 802337 25 5226,572
7 26 dfs rdul 23 988386 305442 25 2004,716
7 27 dfs rdul 23 207596 64171 25 410,512
7 28 dfs rdul 23 44057 13631 25 86,554
7 29 dfs rdul 23 77030 23820 25 151,908
7 30 dfs rdul 23 88958 27505 25 177,188
7 31 dfs rdul 23 88958 27505 25 175,553
7 32 dfs rdul 23 1783276 551083 25 3575,098
7 33 dfs rdul 23 234270 72413 25 468,368
7 34 dfs rdul 23 234270 72413 25 469,400
7 35 dfs rdul 23 2593560 801470 25 5202,322
7 36 dfs rdul 23 985574 304575 25 2022,071
7 37 dfs rdul 23 86146 26638 25 171,331
7 38 dfs rdul 23 86146 26638 25 171,314
7 39 dfs rdul 23 3178 1001 25 7,971
7 40 dfs rdul 23 3178 1001 25 8,123
7 41 dfs rdul 23 3178 1001 25 8,150
7 42 dfs rdul 23 448131 138498 25 958,259
7 43 dfs rdul 23 6327 1974 25 15,170
7 44 dfs rdul 23 6327 1974 25 15,082
7 45 dfs rdul 23 2607841 805885 25 5241,284
7 46 dfs rdul 23 241173 74545 25 475,868
7 47 dfs rdul 23 241173 74545 25 471,165
7 48 dfs rdul 23 476277 147192 25 962,453
7 49 dfs rdul 23 15514 4815 25 30,997
7 50 dfs rdul 23 15514 4815 25 30,969
7 51 dfs rdul 23 2608979 806236 25 5175,676
7 52 dfs rdul 23 169664 52450 25 331,317
7 53 dfs rdul 23 223014 68936 25 438,265
7 54 dfs rdul 23 1803583 557358 25 3575,776
7 55 dfs rdul 23 495311 153074 25 1001,415
7 56 dfs rdul 23 995025 307495 25 2168,942
7 57 dfs rdul 23 2596507 802379 25 5213,782
7 58 dfs rdul 23 988521 305484 25 2002,266
7 59 dfs rdul 23 207731 64213 25 410,003
7 60 dfs rdul 23 44192 13673 25 85,617
7 61 dfs rdul 23 77165 23862 25 152,378
7 62 dfs rdul 23 89093 27547 25 177,653
7 63 dfs rdul 23 89093 27547 25 175,854
7 64 dfs rdul 23 1739 557 25 9,262
7 65 dfs rdul 23 212124 65572 25 419,521
7 66 dfs rdul 23 1739 557 25 5,683
7 67 dfs rdul 23 58576 18123 25 111,687
7 68 dfs rdul 23 1739 557 25 5,367
7 69 dfs rdul 23 2609545 806409 25 5270,261
7 70 dfs rdul 23 170230 52623 25 331,023
7 71 dfs rdul 23 223580 69109 25 438,044
7 72 dfs rdul 23 1804149 557531 25 3577,156
7 73 dfs rdul 23 495877 153247 25 987,960
7 74 dfs rdul 23 995591 307668 25 2021,674
7 75 dfs rdul 23 166545 51485 25 327,657
7 76 dfs rdul 23 166545 51485 25 329,066
7 77 dfs rdul 23 22312 6913 25 44,739
7 78 dfs rdul 23 22312 6913 25 45,505
7 79 dfs rdul 23 38798 12007 25 74,681
7 80 dfs rdul 23 38798 12007 25 74,795
7 81 dfs rdul 23 71771 22196 25 137,709
7 82 dfs rdul 23 1805723 558017 25 3649,045
7 83 dfs rdul 23 1796606 555198 25 3633,909
7 84 dfs rdul 23 247600 76528 25 492,172
7 85 dfs rdul 23 482704 149175 25 976,015
7 86 dfs rdul 23 459722 142077 25 927,335
7 87 dfs rdul 23 94052 29079 25 187,437
7 88 dfs rdul 23 2600493 803610 25 5259,547
7 89 dfs rdul 23 492793 152294 25 1008,392
7 90 dfs rdul 23 195569 60457 25 392,927
7 91 dfs rdul 23 32030 9917 25 65,126
7 92 dfs rdul 23 32030 9917 25 64,063
7 93 dfs rdul 23 8166 2540 25 18,406
7 94 dfs rdul 23 1784764 551541 25 3628,429
7 95 dfs rdul 23 235758 72871 25 478,970
7 96 dfs rdul 23 235758 72871 25 491,076
7 97 dfs rdul 23 2595048 801928 25 5239,938
7 98 dfs rdul 23 987062 305033 25 2008,015
7 99 dfs rdul 23 206272 63762 25 410,292
7 100 dfs rdul 23 42733 13222 25 83,931
7 101 dfs rdul 23 75706 23411 25 152,756
7 102 dfs rdul 23 2600142 803502 25 5233,634
7 103 dfs rdul 23 492442 152186 25 985,960
7 104 dfs rdul 23 545 186 25 3,143
7 105 dfs rdul 23 545 186 25 3,327
7 106 dfs rdul 23 187948 58103 25 394,490
7 107 dfs rdul 23 545 186 25 3,177
7 108 dfs rdul 23 2607883 805898 25 5193,603
7 109 dfs rdul 23 241215 74558 25 475,914
7 110 dfs rdul 23 241215 74558 25 481,396
7 111 dfs rdul 23 476319 147205 25 960,896
7 112 dfs rdul 23 15556 4828 25 38,611
7 113 dfs rdul 23 15556 4828 25 32,795
7 114 dfs rdul 23 2609021 806249 25 5980,826
7 115 dfs rdul 23 169706 52463 25 349,249
7 116 dfs rdul 23 223056 68949 25 442,612
7 117 dfs rdul 23 1803625 557371 25 3629,069
7 118 dfs rdul 23 495353 153087 25 999,532
7 119 dfs rdul 23 995067 307508 25 2025,783
7 120 dfs rdul 23 2596549 802392 25 5234,705
7 121 dfs rdul 23 988563 305497 25 2005,423
7 122 dfs rdul 23 207773 64226 25 410,129
7 123 dfs rdul 23 44234 13686 25 85,512
7 124 dfs rdul 23 44192 13673 25 86,811
7 125 dfs rdul 23 89135 27560 25 178,983
7 126 dfs rdul 23 89135 27560 25 175,817
7 127 dfs rdul 23 1781 570 25 5,460
7 128 dfs rdul 23 212166 65585 25 417,973
7 129 dfs rdul 23 33266 10301 25 65,934
7 130 dfs rdul 23 1781 570 25 5,510
7 131 dfs rdul 23 58618 18136 25 112,605
7 132 dfs rdul 23 1781 570 25 9,378
7 133 dfs rdul 23 2609587 806422 25 5207,031
7 134 dfs rdul 23 170272 52636 25 331,055
7 135 dfs rdul 23 223622 69122 25 441,202
7 136 dfs rdul 23 1804191 557544 25 3605,419
7 137 dfs rdul 23 495919 153260 25 989,397
7 138 dfs rdul 23 995633 307681 25 2050,875
7 139 dfs rdul 23 166587 51498 25 328,288
7 140 dfs rdul 23 166587 51498 25 327,532
7 141 dfs rdul 23 22354 6926 25 44,769
7 142 dfs rdul 23 22354 6926 25 44,968
7 143 dfs rdul 23 38840 12020 25 74,992
7 144 dfs rdul 23 38840 12020 25 74,634
7 145 dfs rdul 23 38798 12007 25 74,967
7 146 dfs rdul 23 1805765 558030 25 3675,965
7 147 dfs rdul 23 1796648 555211 25 3586,595
7 148 dfs rdul 23 247642 76541 25 489,624
7 149 dfs rdul 23 482746 149188 25 968,106
7 150 dfs rdul 23 459764 142090 25 955,426
7 151 dfs rdul 23 94094 29092 25 191,474
7 152 dfs rdul 23 2600535 803623 25 5280,927
7 153 dfs rdul 23 492835 152307 25 1002,755
7 154 dfs rdul 23 195611 60470 25 399,951
7 155 dfs rdul 23 32072 9930 25 64,612
7 156 dfs rdul 23 32072 9930 25 65,214
7 157 dfs rdul 23 8208 2553 25 18,847
7 158 dfs rdul 23 286 106 25 2,933
7 159 dfs rdul 23 211544 65392 25 434,352
7 160 dfs rdul 23 161013 49779 25 329,194
7 161 dfs rdul 23 161013 49779 25 316,634
7 162 dfs rdul 23 1775297 548620 25 3571,937
7 163 dfs rdul 23 286 106 25 2,681
7 164 dfs rdul 23 461395 142597 25 957,562
7 165 dfs rdul 23 33266 10301 25 65,788
7 166 dfs rdul 23 33266 10301 25 69,146
7 167 dfs rdul 23 66239 20490 25 128,470
7 168 dfs rdul 23 446648 138039 25 976,805
7 169 dfs rdul 23 286 106 25 3,001
7 170 dfs rdul 23 2609760 806474 25 5360,505
7 171 dfs rdul 23 170445 52688 25 332,011
7 172 dfs rdul 23 223795 69174 25 439,593
7 173 dfs rdul 23 1804364 557596 25 3649,783
7 174 dfs rdul 23 496092 153312 25 983,999
7 175 dfs rdul 23 995806 307733 25 2109,057
7 176 dfs rdul 23 166760 51550 25 331,269
7 177 dfs rdul 23 166760 51550 25 328,979
7 178 dfs rdul 23 22527 6978 25 45,367
7 179 dfs rdul 23 22527 6978 25 45,628
7 180 dfs rdul 23 39013 12072 25 74,589
7 181 dfs rdul 23 39013 12072 25 76,261
7 182 dfs rdul 23 71986 22261 25 139,801
7 183 dfs rdul 23 1805938 558082 25 3722,377
7 184 dfs rdul 23 1796821 555263 25 3964,904
7 185 dfs rdul 23 247815 76593 25 519,264
7 186 dfs rdul 23 482919 149240 25 1077,446
7 187 dfs rdul 23 459937 142142 25 1013,720
7 188 dfs rdul 23 94267 29144 25 218,571
7 189 dfs rdul 23 163948 50683 25 360,539
7 190 dfs rdul 23 163948 50683 25 377,855
7 191 dfs rdul 23 1778232 549524 25 4018,212
7 192 dfs rdul 23 19715 6111 25 46,088
7 193 dfs rdul 23 464330 143501 25 981,110
7 194 dfs rdul 23 19715 6111 25 53,462
7 195 dfs rdul 23 19715 6111 25 41,810
7 196 dfs rdul 23 4094 1281 25 10,771
7 197 dfs rdul 23 4094 1281 25 11,231
7 198 dfs rdul 23 4094 1281 25 11,458
7 199 dfs rdul 23 7243 2254 25 18,501
7 200 dfs rdul 23 7243 2254 25 21,259
7 201 dfs rdul 23 1806424 558232 25 4291,425
7 202 dfs rdul 23 1797307 555413 25 4292,172
7 203 dfs rdul 23 248301 76743 25 513,450
7 204 dfs rdul 23 483405 149390 25 1058,143
7 205 dfs rdul 23 1789064 552866 25 5211,807
7 206 dfs rdul 23 240058 74196 25 688,234
7 207 dfs rdul 23 240058 74196 25 508,481
7 208 dfs rdul 23 210572 65087 25 483,273
7 209 dfs rdul 23 47033 14547 25 117,699
7 210 dfs rdul 23 80006 24736 25 175,178
7 211 dfs rdul 23 91934 28421 25 215,400
7 212 dfs rdul 23 91934 28421 25 250,362
