1 1 dfs drul 1 2 2 1 5,525
1 2 dfs drul 1 2 2 1 2,184
2 1 dfs drul 2 3 3 2 2,404
2 2 dfs drul 24 200 80 25 4,313
2 3 dfs drul 2 3 3 2 2,560
2 4 dfs drul 2 3 3 2 4,437
3 1 dfs drul 3 4 4 3 3,339
3 2 dfs drul 23 6542 2039 25 15,189
3 3 dfs drul 23 587 199 25 4,589
3 4 dfs drul 23 8343 2595 25 24,763
3 5 dfs drul 23 587 199 25 3,249
3 6 dfs drul 3 4 4 3 2,146
3 7 dfs drul 23 8301 2582 25 18,288
3 8 dfs drul 23 244 93 25 2,619
3 9 dfs drul 3 4 4 3 2,157
3 10 dfs drul 3 4 4 3 3,448
4 1 dfs drul 24 21761 6743 25 46,967
4 2 dfs drul 24 2040 649 25 6,186
4 3 dfs drul 24 27786 8601 25 70,032
4 4 dfs drul 24 2040 649 25 7,967
4 5 dfs drul 24 200 80 25 2,636
4 6 dfs drul 24 27734 8586 25 55,553
4 7 dfs drul 24 529 183 25 3,141
4 8 dfs drul 24 2596 820 25 7,121
4 9 dfs drul 24 29220 9047 25 69,929
4 10 dfs drul 24 2596 820 25 8,224
4 11 dfs drul 24 200 80 25 3,814
4 12 dfs drul 24 200 80 25 2,498
4 13 dfs drul 4 5 5 4 2,108
4 14 dfs drul 24 27721 8582 25 90,208
4 15 dfs drul 24 516 179 25 3,162
4 16 dfs drul 24 2583 816 25 8,058
4 17 dfs drul 24 29207 9043 25 70,157
4 18 dfs drul 24 2583 816 25 6,896
4 19 dfs drul 24 94 47 25 2,493
4 20 dfs drul 24 94 47 25 2,439
4 21 dfs drul 4 5 5 4 2,149
4 22 dfs drul 24 29165 9030 25 62,074
4 23 dfs drul 24 2190 695 25 7,432
4 24 dfs drul 4 5 5 4 3,346
5 1 dfs drul 23 949066 293285 25 2057,678
5 2 dfs drul 23 70362 21760 25 135,292
5 3 dfs drul 23 948580 293135 25 2057,065
5 4 dfs drul 23 15323 4753 25 30,488
5 5 dfs drul 23 89874 27785 25 191,358
5 6 dfs drul 23 997215 308169 25 2172,515
5 7 dfs drul 23 89874 27785 25 183,202
5 8 dfs drul 23 87770 27139 25 186,183
5 9 dfs drul 23 3393 1066 25 8,898
5 10 dfs drul 23 6542 2039 25 15,445
5 11 dfs drul 23 948407 293083 25 2100,035
5 12 dfs drul 23 15150 4701 25 31,221
5 13 dfs drul 23 89701 27733 25 186,882
5 14 dfs drul 23 997042 308117 25 2116,652
5 15 dfs drul 23 89701 27733 25 184,920
5 16 dfs drul 23 1646 528 25 5,651
5 17 dfs drul 23 1646 528 25 5,209
5 18 dfs drul 23 8343 2595 25 18,546
5 19 dfs drul 23 996476 307944 25 2231,461
5 20 dfs drul 23 71247 22036 25 141,310
5 21 dfs drul 23 94500 29219 25 190,213
5 22 dfs drul 23 94500 29219 25 192,924
5 23 dfs drul 23 8343 2595 25 19,013
5 24 dfs drul 23 8343 2595 25 19,161
5 25 dfs drul 23 587 199 25 3,255
5 26 dfs drul 23 587 199 25 5,807
5 27 dfs drul 23 587 199 25 3,512
5 28 dfs drul 23 948365 293070 25 2035,440
5 29 dfs drul 23 15108 4688 25 30,933
5 30 dfs drul 23 89659 27720 25 186,497
5 31 dfs drul 23 997000 308104 25 2230,926
5 32 dfs drul 23 89659 27720 25 237,742
5 33 dfs drul 23 1604 515 25 5,182
5 34 dfs drul 23 1604 515 25 5,205
5 35 dfs drul 23 8301 2582 25 18,220
5 36 dfs drul 23 996434 307931 25 2370,805
5 37 dfs drul 23 38274 11847 25 75,392
5 38 dfs drul 23 94458 29206 25 207,675
5 39 dfs drul 23 94458 29206 25 202,482
5 40 dfs drul 23 8301 2582 25 18,135
5 41 dfs drul 23 8301 2582 25 28,684
5 42 dfs drul 23 244 93 25 3,210
5 43 dfs drul 23 68472 21178 25 158,998
5 44 dfs drul 23 244 93 25 7,984
5 45 dfs drul 5 6 6 5 4,850
5 46 dfs drul 23 996299 307889 25 2220,190
5 47 dfs drul 23 71070 21981 25 149,018
5 48 dfs drul 23 94323 29164 25 209,188
5 49 dfs drul 23 94323 29164 25 200,786
5 50 dfs drul 23 7028 2189 25 16,173
5 51 dfs drul 23 3879 1216 25 9,763
5 52 dfs drul 23 7028 2189 25 16,608
5 53 dfs drul 5 6 6 5 2,360
5 54 dfs drul 23 91233 28206 25 234,966
6 1 dfs drul 24 3233732 999291 25 6977,106
6 2 dfs drul 24 293286 90641 25 604,902
6 3 dfs drul 24 291447 90075 25 661,424
6 4 dfs drul 24 6478 2020 25 15,299
6 5 dfs drul 24 21761 6743 25 45,541
6 6 dfs drul 24 3233582 999245 25 6823,015
6 7 dfs drul 24 293136 90595 25 626,430
6 8 dfs drul 24 4754 1488 25 11,501
6 9 dfs drul 24 3233096 999095 25 6833,119
6 10 dfs drul 24 228790 70718 25 464,870
6 11 dfs drul 24 308170 95244 25 667,655
6 12 dfs drul 24 308170 95244 25 676,709
6 13 dfs drul 24 306596 94758 25 649,973
6 14 dfs drul 24 24101 7463 25 49,144
6 15 dfs drul 24 27786 8601 25 58,331
6 16 dfs drul 24 27140 8405 25 55,870
6 17 dfs drul 24 305950 94562 25 689,195
6 18 dfs drul 24 27140 8405 25 61,950
6 19 dfs drul 24 1067 348 25 4,351
6 20 dfs drul 24 1067 348 25 4,577
6 21 dfs drul 24 2040 649 25 6,287
6 22 dfs drul 24 2040 649 25 6,068
6 23 dfs drul 24 3233530 999230 25 6852,019
6 24 dfs drul 24 293084 90580 25 622,706
6 25 dfs drul 24 4702 1473 25 10,896
6 26 dfs drul 24 3233044 999080 25 6782,987
6 27 dfs drul 24 228738 70703 25 469,549
6 28 dfs drul 24 308118 95229 25 685,448
6 29 dfs drul 24 308118 95229 25 694,577
6 30 dfs drul 24 306544 94743 25 648,840
6 31 dfs drul 24 24049 7448 25 50,252
6 32 dfs drul 24 27734 8586 25 55,144
6 33 dfs drul 24 227870 70436 25 480,037
6 34 dfs drul 24 19504 6050 25 42,688
6 35 dfs drul 24 529 183 25 3,832
6 36 dfs drul 24 3232871 999028 25 6951,347
6 37 dfs drul 24 228565 70651 25 477,211
6 38 dfs drul 24 307945 95177 25 656,421
6 39 dfs drul 24 307945 95177 25 669,672
6 40 dfs drul 24 22037 6830 25 48,175
6 41 dfs drul 24 6754 2107 25 15,431
6 42 dfs drul 24 22037 6830 25 45,411
6 43 dfs drul 24 29220 9047 25 62,045
6 44 dfs drul 24 293919 90841 25 677,679
6 45 dfs drul 24 29220 9047 25 61,789
6 46 dfs drul 24 2596 820 25 7,092
6 47 dfs drul 24 2596 820 25 11,590
6 48 dfs drul 24 2596 820 25 10,519
6 49 dfs drul 24 200 80 25 3,594
6 50 dfs drul 24 305219 94337 25 691,525
6 51 dfs drul 24 22724 7042 25 47,805
6 52 dfs drul 24 200 80 25 2,579
6 53 dfs drul 24 200 80 25 2,578
6 54 dfs drul 24 94 47 25 2,321
6 55 dfs drul 24 3233517 999226 25 6798,645
6 56 dfs drul 24 293071 90576 25 602,780
6 57 dfs drul 24 4689 1469 25 11,020
6 58 dfs drul 24 3233031 999076 25 6857,089
6 59 dfs drul 24 68739 21259 25 138,904
6 60 dfs drul 24 308105 95225 25 637,618
6 61 dfs drul 24 308105 95225 25 663,976
6 62 dfs drul 24 306531 94739 25 672,349
6 63 dfs drul 24 13860 4299 25 28,788
6 64 dfs drul 24 27721 8582 25 55,812
6 65 dfs drul 24 121169 37463 25 254,543
6 66 dfs drul 24 19491 6046 25 41,504
6 67 dfs drul 24 516 179 25 3,222
6 68 dfs drul 24 3232858 999024 25 6805,941
6 69 dfs drul 24 121864 37678 25 248,685
6 70 dfs drul 24 307932 95173 25 654,078
6 71 dfs drul 24 307932 95173 25 717,808
6 72 dfs drul 24 11848 3681 25 26,129
6 73 dfs drul 24 6741 2103 25 17,104
6 74 dfs drul 24 11848 3681 25 24,469
6 75 dfs drul 24 29207 9043 25 76,124
6 76 dfs drul 24 293906 90837 25 626,443
6 77 dfs drul 24 29207 9043 25 65,215
6 78 dfs drul 24 2583 816 25 7,073
6 79 dfs drul 24 2583 816 25 13,464
6 80 dfs drul 24 2583 816 25 7,276
6 81 dfs drul 24 227706 70385 25 510,593
6 82 dfs drul 24 21179 6565 25 46,753
6 83 dfs drul 24 290865 89897 25 661,372
6 84 dfs drul 24 21179 6565 25 49,779
6 85 dfs drul 24 94 47 25 2,300
6 86 dfs drul 24 3232816 999011 25 6868,277
6 87 dfs drul 24 228510 70634 25 474,675
6 88 dfs drul 24 307890 95160 25 676,079
6 89 dfs drul 24 307890 95160 25 697,130
6 90 dfs drul 24 21982 6813 25 46,735
6 91 dfs drul 24 6699 2090 25 15,560
6 92 dfs drul 24 21982 6813 25 46,390
6 93 dfs drul 24 29165 9030 25 66,533
6 94 dfs drul 24 148615 45940 25 309,553
6 95 dfs drul 24 29165 9030 25 62,928
6 96 dfs drul 24 2190 695 25 8,566
6 97 dfs drul 24 290580 89809 25 663,078
6 98 dfs drul 24 5611 1754 25 12,672
6 99 dfs drul 24 1217 394 25 4,555
6 100 dfs drul 24 1217 394 25 5,149
6 101 dfs drul 24 2190 695 25 7,643
6 102 dfs drul 24 2190 695 25 7,349
6 103 dfs drul 6 7 7 6 2,685
6 104 dfs drul 24 293779 90797 25 827,764
6 105 dfs drul 24 28207 8732 25 69,936
6 106 dfs drul 24 24522 7594 25 57,426
6 107 dfs drul 24 28207 8732 25 59,702
7 1 dfs drul 23 10464540 3233731 25 23718,065
7 2 dfs drul 23 10450865 3229503 25 22808,114
7 3 dfs drul 23 761682 235385 25 1662,652
7 4 dfs drul 23 949066 293285 25 2456,154
7 5 dfs drul 23 943106 291446 25 2435,068
7 6 dfs drul 23 10444905 3227664 25 26811,866
7 7 dfs drul 23 943106 291446 25 2527,233
7 8 dfs drul 23 20903 6477 25 44,125
7 9 dfs drul 23 20903 6477 25 47,039
7 10 dfs drul 23 920998 284620 25 2156,694
7 11 dfs drul 23 37389 11571 25 105,659
7 12 dfs drul 23 70362 21760 25 163,136
7 13 dfs drul 23 10464054 3233581 25 23368,455
7 14 dfs drul 23 10450379 3229353 25 22271,215
7 15 dfs drul 23 761196 235235 25 1656,836
7 16 dfs drul 23 948580 293135 25 1972,993
7 17 dfs drul 23 720656 222713 25 1517,513
7 18 dfs drul 23 15323 4753 25 30,409
7 19 dfs drul 23 10462480 3233095 25 21493,693
7 20 dfs drul 23 169036 52252 25 360,143
7 21 dfs drul 23 740325 228789 25 1578,773
7 22 dfs drul 23 9948347 3074214 25 20496,100
7 23 dfs drul 23 967720 299052 25 2081,946
7 24 dfs drul 23 997215 308169 25 2103,172
7 25 dfs drul 23 992121 306595 25 2083,114
7 26 dfs drul 23 992121 306595 25 2156,636
7 27 dfs drul 23 77946 24100 25 157,381
7 28 dfs drul 23 44973 13911 25 89,749
7 29 dfs drul 23 77946 24100 25 156,299
7 30 dfs drul 23 89874 27785 25 193,988
7 31 dfs drul 23 89874 27785 25 236,161
7 32 dfs drul 23 87770 27139 25 178,409
7 33 dfs drul 23 10435647 3224808 25 21840,289
7 34 dfs drul 23 746464 230690 25 1634,432
7 35 dfs drul 23 990017 305949 25 2120,514
7 36 dfs drul 23 990017 305949 25 2166,356
7 37 dfs drul 23 87770 27139 25 177,848
7 38 dfs drul 23 87770 27139 25 180,096
7 39 dfs drul 23 3393 1066 25 8,872
7 40 dfs drul 23 63041 19503 25 127,193
7 41 dfs drul 23 3393 1066 25 8,537
7 42 dfs drul 23 6542 2039 25 15,112
7 43 dfs drul 23 6542 2039 25 27,561
7 44 dfs drul 23 6542 2039 25 16,876
7 45 dfs drul 23 10463881 3233529 25 22597,923
7 46 dfs drul 23 10450206 3229301 25 21415,232
7 47 dfs drul 23 761023 235183 25 1574,230
7 48 dfs drul 23 948407 293083 25 1976,497
7 49 dfs drul 23 720483 222661 25 1503,970
7 50 dfs drul 23 15150 4701 25 30,017
7 51 dfs drul 23 10462307 3233043 25 22498,120
7 52 dfs drul 23 168863 52200 25 429,422
7 53 dfs drul 23 740152 228737 25 1852,874
7 54 dfs drul 23 9948174 3074162 25 19889,294
7 55 dfs drul 23 967547 299000 25 1985,252
7 56 dfs drul 23 997042 308117 25 2025,562
7 57 dfs drul 23 991948 306543 25 2059,381
7 58 dfs drul 23 991948 306543 25 2058,443
7 59 dfs drul 23 77773 24048 25 155,381
7 60 dfs drul 23 44800 13859 25 87,473
7 61 dfs drul 23 77773 24048 25 155,054
7 62 dfs drul 23 89701 27733 25 179,256
7 63 dfs drul 23 89701 27733 25 225,709
7 64 dfs drul 23 9939393 3071448 25 20231,594
7 65 dfs drul 23 737339 227869 25 1525,906
7 66 dfs drul 23 913677 282363 25 1879,522
7 67 dfs drul 23 63041 19503 25 114,236
7 68 dfs drul 23 1646 528 25 5,100
7 69 dfs drul 23 10461741 3232870 25 21605,723
7 70 dfs drul 23 168297 52027 25 417,062
7 71 dfs drul 23 739586 228564 25 2303,879
7 72 dfs drul 23 9947608 3073989 25 20829,393
7 73 dfs drul 23 966981 298827 25 2086,371
7 74 dfs drul 23 996476 307944 25 2136,850
7 75 dfs drul 23 9936545 3070568 25 20300,372
7 76 dfs drul 23 163202 50452 25 323,876
7 77 dfs drul 23 21788 6753 25 43,313
7 78 dfs drul 23 21788 6753 25 43,576
7 79 dfs drul 23 921883 284896 25 1875,221
7 80 dfs drul 23 38274 11847 25 73,594
7 81 dfs drul 23 71247 22036 25 133,913
7 82 dfs drul 23 9946470 3073638 25 20508,973
7 83 dfs drul 23 951096 293918 25 2010,190
7 84 dfs drul 23 763712 236018 25 1596,401
7 85 dfs drul 23 951096 293918 25 2008,006
7 86 dfs drul 23 94500 29219 25 196,865
7 87 dfs drul 23 94500 29219 25 182,845
7 88 dfs drul 23 8343 2595 25 17,792
7 89 dfs drul 23 955820 295378 25 1998,821
7 90 dfs drul 23 8343 2595 25 17,646
7 91 dfs drul 23 73473 22723 25 132,822
7 92 dfs drul 23 27649 8563 25 51,227
7 93 dfs drul 23 8343 2595 25 17,239
7 94 dfs drul 23 587 199 25 3,105
7 95 dfs drul 23 10433278 3224077 25 21271,226
7 96 dfs drul 23 744095 229959 25 1508,511
7 97 dfs drul 23 987648 305218 25 2033,153
7 98 dfs drul 23 987648 305218 25 2018,169
7 99 dfs drul 23 73473 22723 25 141,684
7 100 dfs drul 23 40500 12534 25 83,794
7 101 dfs drul 23 73473 22723 25 139,551
7 102 dfs drul 23 587 199 25 3,141
7 103 dfs drul 23 955334 295228 25 2002,832
7 104 dfs drul 23 587 199 25 3,183
7 105 dfs drul 23 715037 220978 25 1544,860
7 106 dfs drul 23 244 93 25 2,704
7 107 dfs drul 23 907717 280519 25 2012,031
7 108 dfs drul 23 10463839 3233516 25 20102,921
7 109 dfs drul 23 10450164 3229288 25 21200,995
7 110 dfs drul 23 243257 75184 25 508,503
7 111 dfs drul 23 948365 293070 25 1967,353
7 112 dfs drul 23 375190 115960 25 775,564
7 113 dfs drul 23 15108 4688 25 28,941
7 114 dfs drul 23 10462265 3233030 25 20953,732
7 115 dfs drul 23 168821 52187 25 375,176
7 116 dfs drul 23 222386 68738 25 438,243
7 117 dfs drul 23 9948132 3074149 25 20365,630
7 118 dfs drul 23 967505 298987 25 2039,439
7 119 dfs drul 23 997000 308104 25 2095,086
7 120 dfs drul 23 991906 306530 25 2053,406
7 121 dfs drul 23 991906 306530 25 2132,209
7 122 dfs drul 23 44800 13859 25 91,826
7 123 dfs drul 23 44758 13846 25 86,784
7 124 dfs drul 23 44800 13859 25 85,700
7 125 dfs drul 23 89659 27720 25 176,407
7 126 dfs drul 23 89659 27720 25 177,957
7 127 dfs drul 23 9939351 3071435 25 20307,003
7 128 dfs drul 23 392046 121168 25 802,131
7 129 dfs drul 23 62999 19490 25 131,850
7 130 dfs drul 23 913635 282350 25 1880,750
7 131 dfs drul 23 62999 19490 25 120,736
7 132 dfs drul 23 1604 515 25 4,973
7 133 dfs drul 23 10461699 3232857 25 20983,276
7 134 dfs drul 23 168255 52014 25 336,831
7 135 dfs drul 23 394293 121863 25 821,839
7 136 dfs drul 23 9947566 3073976 25 19794,682
7 137 dfs drul 23 966939 298814 25 1975,965
7 138 dfs drul 23 996434 307931 25 2049,957
7 139 dfs drul 23 9936503 3070555 25 19786,479
7 140 dfs drul 23 163160 50439 25 319,287
7 141 dfs drul 23 21746 6740 25 43,834
7 142 dfs drul 23 21746 6740 25 43,947
7 143 dfs drul 23 921841 284883 25 1913,659
7 144 dfs drul 23 38232 11834 25 73,303
7 145 dfs drul 23 38274 11847 25 74,634
7 146 dfs drul 23 9946428 3073625 25 19805,941
7 147 dfs drul 23 951054 293905 25 1983,838
7 148 dfs drul 23 418419 129317 25 846,689
7 149 dfs drul 23 951054 293905 25 1948,356
7 150 dfs drul 23 94458 29206 25 187,509
7 151 dfs drul 23 94458 29206 25 184,939
7 152 dfs drul 23 8301 2582 25 17,820
7 153 dfs drul 23 955778 295365 25 1961,731
7 154 dfs drul 23 8301 2582 25 18,387
7 155 dfs drul 23 7028 2189 25 15,843
7 156 dfs drul 23 27607 8550 25 54,379
7 157 dfs drul 23 8301 2582 25 18,434
7 158 dfs drul 23 9938864 3071284 25 19831,844
7 159 dfs drul 23 736810 227705 25 1513,061
7 160 dfs drul 23 9933770 3069710 25 19893,910
7 161 dfs drul 23 160427 49594 25 315,968
7 162 dfs drul 23 941216 290864 25 1942,983
7 163 dfs drul 23 10443015 3227082 25 21203,311
7 164 dfs drul 23 941216 290864 25 1935,076
7 165 dfs drul 23 919108 284038 25 1871,760
7 166 dfs drul 23 35499 10989 25 69,608
7 167 dfs drul 23 68472 21178 25 133,551
7 168 dfs drul 23 244 93 25 2,562
7 169 dfs drul 23 244 93 25 2,577
7 170 dfs drul 23 10461564 3232815 25 20866,360
7 171 dfs drul 23 168120 51972 25 328,666
7 172 dfs drul 23 739409 228509 25 1489,378
7 173 dfs drul 23 2562040 791727 25 5097,259
7 174 dfs drul 23 496762 153523 25 1001,952
7 175 dfs drul 23 996299 307889 25 2033,474
7 176 dfs drul 23 5012336 1548906 25 10005,639
7 177 dfs drul 23 163025 50397 25 321,343
7 178 dfs drul 23 21611 6698 25 44,257
7 179 dfs drul 23 21611 6698 25 44,373
7 180 dfs drul 23 921706 284841 25 1875,932
7 181 dfs drul 23 38097 11792 25 72,773
7 182 dfs drul 23 71070 21981 25 134,098
7 183 dfs drul 23 5022261 1551976 25 10013,960
7 184 dfs drul 23 480877 148614 25 990,038
7 185 dfs drul 23 763535 235963 25 1588,236
7 186 dfs drul 23 480877 148614 25 969,614
7 187 dfs drul 23 94323 29164 25 186,865
7 188 dfs drul 23 94323 29164 25 201,203
7 189 dfs drul 23 9932848 3069425 25 19757,576
7 190 dfs drul 23 159505 49309 25 319,593
7 191 dfs drul 23 940294 290579 25 1945,461
7 192 dfs drul 23 10442093 3226797 25 21136,113
7 193 dfs drul 23 940294 290579 25 1976,421
7 194 dfs drul 23 18091 5610 25 39,542
7 195 dfs drul 23 18091 5610 25 68,801
7 196 dfs drul 23 3879 1216 25 9,247
7 197 dfs drul 23 718329 221995 25 1477,641
7 198 dfs drul 23 3879 1216 25 9,399
7 199 dfs drul 23 7028 2189 25 15,887
7 200 dfs drul 23 7028 2189 25 16,218
7 201 dfs drul 23 9946022 3073498 25 19898,680
7 202 dfs drul 23 950648 293778 25 1942,427
7 203 dfs drul 23 763264 235878 25 1556,585
7 204 dfs drul 23 950648 293778 25 1947,832
7 205 dfs drul 23 91233 28206 25 181,940
7 206 dfs drul 23 10439110 3225875 25 21413,908
7 207 dfs drul 23 749927 231757 25 1571,226
7 208 dfs drul 23 79305 24521 25 159,794
7 209 dfs drul 23 46332 14332 25 90,412
7 210 dfs drul 23 79305 24521 25 157,603
7 211 dfs drul 23 91233 28206 25 181,407
7 212 dfs drul 23 91233 28206 25 222,651
