1 1 dfs drlu 1 2 2 1 2,294
1 2 dfs drlu 1 2 2 1 2,074
2 1 dfs drlu 2 3 3 2 2,086
2 2 dfs drlu 24 107 51 25 2,444
2 3 dfs drlu 2 3 3 2 2,151
2 4 dfs drlu 2 3 3 2 2,501
3 1 dfs drlu 3 4 4 3 2,097
3 2 dfs drlu 23 4094 1281 25 10,199
3 3 dfs drlu 23 286 106 25 2,737
3 4 dfs drlu 23 1781 570 25 6,028
3 5 dfs drlu 23 286 106 25 2,648
3 6 dfs drlu 3 4 4 3 2,104
3 7 dfs drlu 23 1739 557 25 5,430
3 8 dfs drlu 23 545 186 25 3,785
3 9 dfs drlu 3 4 4 3 3,341
3 10 dfs drlu 3 4 4 3 2,610
4 1 dfs drlu 24 14548 4510 25 32,845
4 2 dfs drlu 24 1282 413 25 4,963
4 3 dfs drlu 24 6979 2174 25 16,839
4 4 dfs drlu 24 1282 413 25 4,788
4 5 dfs drlu 24 107 51 25 2,617
4 6 dfs drlu 24 6927 2159 25 15,629
4 7 dfs drlu 24 2554 807 25 6,794
4 8 dfs drlu 24 571 196 25 3,532
4 9 dfs drlu 24 4829 1513 25 10,929
4 10 dfs drlu 24 571 196 25 3,161
4 11 dfs drlu 24 107 51 25 2,346
4 12 dfs drlu 24 107 51 25 2,610
4 13 dfs drlu 4 5 5 4 2,093
4 14 dfs drlu 24 6914 2155 25 16,323
4 15 dfs drlu 24 2541 803 25 8,542
4 16 dfs drlu 24 558 192 25 3,172
4 17 dfs drlu 24 4816 1509 25 11,062
4 18 dfs drlu 24 558 192 25 3,164
4 19 dfs drlu 24 187 76 25 2,485
4 20 dfs drlu 24 187 76 25 2,540
4 21 dfs drlu 4 5 5 4 2,153
4 22 dfs drlu 24 4774 1496 25 10,939
4 23 dfs drlu 24 1002 329 25 3,975
4 24 dfs drlu 4 5 5 4 2,636
5 1 dfs drlu 23 248301 76743 25 510,218
5 2 dfs drlu 23 47033 14547 25 102,805
5 3 dfs drlu 23 247815 76593 25 518,662
5 4 dfs drlu 23 94267 29144 25 200,788
5 5 dfs drlu 23 22527 6978 25 47,709
5 6 dfs drlu 23 170445 52688 25 348,984
5 7 dfs drlu 23 22527 6978 25 46,901
5 8 dfs drlu 23 19715 6111 25 41,708
5 9 dfs drlu 23 7243 2254 25 18,577
5 10 dfs drlu 23 4094 1281 25 9,990
5 11 dfs drlu 23 247642 76541 25 530,522
5 12 dfs drlu 23 94094 29092 25 195,670
5 13 dfs drlu 23 22354 6926 25 45,210
5 14 dfs drlu 23 170272 52636 25 363,452
5 15 dfs drlu 23 22354 6926 25 47,617
5 16 dfs drlu 23 8208 2553 25 18,790
5 17 dfs drlu 23 8208 2553 25 24,004
5 18 dfs drlu 23 1781 570 25 5,614
5 19 dfs drlu 23 169706 52463 25 341,917
5 20 dfs drlu 23 44234 13686 25 91,528
5 21 dfs drlu 23 15556 4828 25 37,164
5 22 dfs drlu 23 15556 4828 25 33,522
5 23 dfs drlu 23 1781 570 25 5,422
5 24 dfs drlu 23 1781 570 25 5,417
5 25 dfs drlu 23 286 106 25 2,668
5 26 dfs drlu 23 286 106 25 2,893
5 27 dfs drlu 23 286 106 25 2,669
5 28 dfs drlu 23 247600 76528 25 544,231
5 29 dfs drlu 23 94052 29079 25 184,953
5 30 dfs drlu 23 22312 6913 25 46,249
5 31 dfs drlu 23 170230 52623 25 355,997
5 32 dfs drlu 23 22312 6913 25 47,022
5 33 dfs drlu 23 8166 2540 25 18,140
5 34 dfs drlu 23 8166 2540 25 17,492
5 35 dfs drlu 23 1739 557 25 5,325
5 36 dfs drlu 23 169664 52450 25 363,760
5 37 dfs drlu 23 44192 13673 25 101,546
5 38 dfs drlu 23 15514 4815 25 31,733
5 39 dfs drlu 23 15514 4815 25 30,580
5 40 dfs drlu 23 1739 557 25 5,502
5 41 dfs drlu 23 1739 557 25 5,526
5 42 dfs drlu 23 545 186 25 3,349
5 43 dfs drlu 23 42733 13222 25 84,140
5 44 dfs drlu 23 545 186 25 3,109
5 45 dfs drlu 5 6 6 5 2,274
5 46 dfs drlu 23 169529 52408 25 362,396
5 47 dfs drlu 23 44057 13631 25 96,354
5 48 dfs drlu 23 15379 4773 25 31,198
5 49 dfs drlu 23 15379 4773 25 30,979
5 50 dfs drlu 23 3178 1001 25 11,973
5 51 dfs drlu 23 6327 1974 25 15,146
5 52 dfs drlu 23 3178 1001 25 8,203
5 53 dfs drlu 5 6 6 5 2,358
5 54 dfs drlu 23 20202 6262 25 46,917
6 1 dfs drlu 24 558233 172521 25 1130,961
6 2 dfs drlu 24 76744 23730 25 149,322
6 3 dfs drlu 24 74197 22943 25 148,191
6 4 dfs drlu 24 28422 8797 25 57,960
6 5 dfs drlu 24 14548 4510 25 28,661
6 6 dfs drlu 24 558083 172475 25 1160,525
6 7 dfs drlu 24 76594 23684 25 150,658
6 8 dfs drlu 24 29145 9022 25 57,759
6 9 dfs drlu 24 557597 172325 25 1120,193
6 10 dfs drlu 24 153313 47389 25 302,061
6 11 dfs drlu 24 52689 16300 25 103,294
6 12 dfs drlu 24 52689 16300 25 102,618
6 13 dfs drlu 24 51551 15949 25 119,497
6 14 dfs drlu 24 12073 3748 25 24,809
6 15 dfs drlu 24 6979 2174 25 15,803
6 16 dfs drlu 24 6112 1908 25 15,300
6 17 dfs drlu 24 50684 15683 25 107,576
6 18 dfs drlu 24 6112 1908 25 18,601
6 19 dfs drlu 24 2255 714 25 7,086
6 20 dfs drlu 24 2255 714 25 6,478
6 21 dfs drlu 24 1282 413 25 4,884
6 22 dfs drlu 24 1282 413 25 4,393
6 23 dfs drlu 24 558031 172460 25 1114,506
6 24 dfs drlu 24 76542 23669 25 149,733
6 25 dfs drlu 24 29093 9007 25 58,839
6 26 dfs drlu 24 557545 172310 25 1109,326
6 27 dfs drlu 24 153261 47374 25 312,058
6 28 dfs drlu 24 52637 16285 25 102,763
6 29 dfs drlu 24 52637 16285 25 101,607
6 30 dfs drlu 24 51499 15934 25 100,843
6 31 dfs drlu 24 12021 3733 25 24,307
6 32 dfs drlu 24 6927 2159 25 15,870
6 33 dfs drlu 24 152308 47080 25 307,554
6 34 dfs drlu 24 9931 3089 25 25,827
6 35 dfs drlu 24 2554 807 25 7,334
6 36 dfs drlu 24 557372 172258 25 1126,208
6 37 dfs drlu 24 153088 47322 25 299,032
6 38 dfs drlu 24 52464 16233 25 101,649
6 39 dfs drlu 24 52464 16233 25 103,780
6 40 dfs drlu 24 13687 4247 25 27,150
6 41 dfs drlu 24 27561 8534 25 53,277
6 42 dfs drlu 24 13687 4247 25 32,166
6 43 dfs drlu 24 4829 1513 25 14,934
6 44 dfs drlu 24 74559 23058 25 151,395
6 45 dfs drlu 24 4829 1513 25 10,959
6 46 dfs drlu 24 571 196 25 3,179
6 47 dfs drlu 24 571 196 25 3,173
6 48 dfs drlu 24 571 196 25 3,196
6 49 dfs drlu 24 107 51 25 2,410
6 50 dfs drlu 24 49780 15406 25 96,607
6 51 dfs drlu 24 10302 3205 25 21,508
6 52 dfs drlu 24 107 51 25 2,349
6 53 dfs drlu 24 107 51 25 2,366
6 54 dfs drlu 24 187 76 25 2,841
6 55 dfs drlu 24 558018 172456 25 1130,150
6 56 dfs drlu 24 76529 23665 25 151,205
6 57 dfs drlu 24 29080 9003 25 57,593
6 58 dfs drlu 24 557532 172306 25 1107,326
6 59 dfs drlu 24 153248 47370 25 309,657
6 60 dfs drlu 24 52624 16281 25 101,979
6 61 dfs drlu 24 52624 16281 25 104,830
6 62 dfs drlu 24 51486 15930 25 100,806
6 63 dfs drlu 24 12008 3729 25 24,549
6 64 dfs drlu 24 6914 2155 25 15,786
6 65 dfs drlu 24 152295 47076 25 305,612
6 66 dfs drlu 24 9918 3085 25 27,296
6 67 dfs drlu 24 2541 803 25 8,005
6 68 dfs drlu 24 557359 172254 25 1099,611
6 69 dfs drlu 24 153075 47318 25 299,129
6 70 dfs drlu 24 52451 16229 25 101,442
6 71 dfs drlu 24 52451 16229 25 102,663
6 72 dfs drlu 24 13674 4243 25 27,538
6 73 dfs drlu 24 27548 8530 25 53,584
6 74 dfs drlu 24 13674 4243 25 27,906
6 75 dfs drlu 24 4816 1509 25 23,242
6 76 dfs drlu 24 74546 23054 25 158,176
6 77 dfs drlu 24 4816 1509 25 11,129
6 78 dfs drlu 24 558 192 25 3,238
6 79 dfs drlu 24 558 192 25 3,544
6 80 dfs drlu 24 558 192 25 3,177
6 81 dfs drlu 24 152187 47043 25 312,265
6 82 dfs drlu 24 13223 4104 25 26,350
6 83 dfs drlu 24 72872 22537 25 140,173
6 84 dfs drlu 24 13223 4104 25 26,723
6 85 dfs drlu 24 187 76 25 2,483
6 86 dfs drlu 24 557317 172241 25 1127,739
6 87 dfs drlu 24 153033 47305 25 298,160
6 88 dfs drlu 24 52409 16216 25 102,334
6 89 dfs drlu 24 52409 16216 25 103,019
6 90 dfs drlu 24 13632 4230 25 27,230
6 91 dfs drlu 24 27506 8517 25 53,333
6 92 dfs drlu 24 13632 4230 25 40,825
6 93 dfs drlu 24 4774 1496 25 11,601
6 94 dfs drlu 24 74504 23041 25 148,355
6 95 dfs drlu 24 4774 1496 25 11,026
6 96 dfs drlu 24 1002 329 25 3,969
6 97 dfs drlu 24 72414 22397 25 146,981
6 98 dfs drlu 24 26639 8251 25 52,332
6 99 dfs drlu 24 1975 630 25 10,079
6 100 dfs drlu 24 1975 630 25 5,762
6 101 dfs drlu 24 1002 329 25 3,955
6 102 dfs drlu 24 1002 329 25 3,982
6 103 dfs drlu 6 7 7 6 2,130
6 104 dfs drlu 24 74419 23014 25 154,439
6 105 dfs drlu 24 6263 1955 25 14,874
6 106 dfs drlu 24 11357 3529 25 23,441
6 107 dfs drlu 24 6263 1955 25 15,200
7 1 dfs drlu 23 1806424 558232 25 3646,876
7 2 dfs drlu 23 1797307 555413 25 3658,074
7 3 dfs drlu 23 483405 149390 25 986,309
7 4 dfs drlu 23 248301 76743 25 503,094
7 5 dfs drlu 23 240058 74196 25 493,197
7 6 dfs drlu 23 1789064 552866 25 3627,611
7 7 dfs drlu 23 240058 74196 25 476,400
7 8 dfs drlu 23 91934 28421 25 177,139
7 9 dfs drlu 23 91934 28421 25 178,391
7 10 dfs drlu 23 210572 65087 25 414,056
7 11 dfs drlu 23 80006 24736 25 174,496
7 12 dfs drlu 23 47033 14547 25 89,791
7 13 dfs drlu 23 1805938 558082 25 3638,209
7 14 dfs drlu 23 1796821 555263 25 3637,736
7 15 dfs drlu 23 482919 149240 25 960,326
7 16 dfs drlu 23 247815 76593 25 516,781
7 17 dfs drlu 23 459937 142142 25 934,492
7 18 dfs drlu 23 94267 29144 25 185,024
7 19 dfs drlu 23 1804364 557596 25 3617,256
7 20 dfs drlu 23 995806 307733 25 2010,357
7 21 dfs drlu 23 496092 153312 25 977,516
7 22 dfs drlu 23 2609760 806474 25 5194,031
7 23 dfs drlu 23 223795 69174 25 457,463
7 24 dfs drlu 23 170445 52688 25 343,865
7 25 dfs drlu 23 166760 51550 25 338,401
7 26 dfs drlu 23 166760 51550 25 349,965
7 27 dfs drlu 23 39013 12072 25 75,988
7 28 dfs drlu 23 71986 22261 25 138,487
7 29 dfs drlu 23 39013 12072 25 75,461
7 30 dfs drlu 23 22527 6978 25 46,513
7 31 dfs drlu 23 22527 6978 25 46,304
7 32 dfs drlu 23 19715 6111 25 40,392
7 33 dfs drlu 23 1778232 549524 25 3644,709
7 34 dfs drlu 23 464330 143501 25 934,393
7 35 dfs drlu 23 163948 50683 25 331,926
7 36 dfs drlu 23 163948 50683 25 337,350
7 37 dfs drlu 23 19715 6111 25 40,896
7 38 dfs drlu 23 19715 6111 25 49,053
7 39 dfs drlu 23 7243 2254 25 16,449
7 40 dfs drlu 23 32072 9930 25 64,648
7 41 dfs drlu 23 7243 2254 25 16,788
7 42 dfs drlu 23 4094 1281 25 9,645
7 43 dfs drlu 23 4094 1281 25 9,380
7 44 dfs drlu 23 4094 1281 25 9,396
7 45 dfs drlu 23 1805765 558030 25 3609,061
7 46 dfs drlu 23 1796648 555211 25 3604,395
7 47 dfs drlu 23 482746 149188 25 959,392
7 48 dfs drlu 23 247642 76541 25 512,120
7 49 dfs drlu 23 459764 142090 25 944,277
7 50 dfs drlu 23 94094 29092 25 184,290
7 51 dfs drlu 23 1804191 557544 25 3665,817
7 52 dfs drlu 23 995633 307681 25 2007,016
7 53 dfs drlu 23 495919 153260 25 979,168
7 54 dfs drlu 23 2609587 806422 25 5185,056
7 55 dfs drlu 23 223622 69122 25 445,930
7 56 dfs drlu 23 170272 52636 25 337,845
7 57 dfs drlu 23 166587 51498 25 338,755
7 58 dfs drlu 23 166587 51498 25 337,981
7 59 dfs drlu 23 38840 12020 25 74,691
7 60 dfs drlu 23 38798 12007 25 75,388
7 61 dfs drlu 23 38840 12020 25 74,492
7 62 dfs drlu 23 22354 6926 25 45,360
7 63 dfs drlu 23 22354 6926 25 46,514
7 64 dfs drlu 23 2600535 803623 25 5292,758
7 65 dfs drlu 23 492835 152307 25 1046,681
7 66 dfs drlu 23 195611 60470 25 414,568
7 67 dfs drlu 23 32072 9930 25 63,515
7 68 dfs drlu 23 8208 2553 25 17,605
7 69 dfs drlu 23 1803625 557371 25 3592,252
7 70 dfs drlu 23 995067 307508 25 2178,340
7 71 dfs drlu 23 495353 153087 25 988,895
7 72 dfs drlu 23 2609021 806249 25 5269,813
7 73 dfs drlu 23 223056 68949 25 453,442
7 74 dfs drlu 23 169706 52463 25 353,349
7 75 dfs drlu 23 2596549 802392 25 5231,598
7 76 dfs drlu 23 988563 305497 25 2054,072
7 77 dfs drlu 23 89135 27560 25 174,604
7 78 dfs drlu 23 89135 27560 25 176,812
7 79 dfs drlu 23 207773 64226 25 423,450
7 80 dfs drlu 23 44192 13673 25 85,557
7 81 dfs drlu 23 44234 13686 25 85,926
7 82 dfs drlu 23 2607883 805898 25 5274,009
7 83 dfs drlu 23 241215 74558 25 502,563
7 84 dfs drlu 23 476319 147205 25 1001,280
7 85 dfs drlu 23 241215 74558 25 485,522
7 86 dfs drlu 23 15556 4828 25 30,603
7 87 dfs drlu 23 15556 4828 25 30,349
7 88 dfs drlu 23 1781 570 25 5,422
7 89 dfs drlu 23 212166 65585 25 482,189
7 90 dfs drlu 23 1781 570 25 5,289
7 91 dfs drlu 23 33266 10301 25 69,721
7 92 dfs drlu 23 58618 18136 25 123,735
7 93 dfs drlu 23 1781 570 25 5,334
7 94 dfs drlu 23 286 106 25 3,462
7 95 dfs drlu 23 1775297 548620 25 3772,241
7 96 dfs drlu 23 461395 142597 25 982,899
7 97 dfs drlu 23 161013 49779 25 352,092
7 98 dfs drlu 23 161013 49779 25 338,199
7 99 dfs drlu 23 33266 10301 25 66,604
7 100 dfs drlu 23 66239 20490 25 127,790
7 101 dfs drlu 23 33266 10301 25 65,479
7 102 dfs drlu 23 286 106 25 2,572
7 103 dfs drlu 23 211544 65392 25 446,512
7 104 dfs drlu 23 286 106 25 2,722
7 105 dfs drlu 23 446648 138039 25 1002,151
7 106 dfs drlu 23 545 186 25 3,137
7 107 dfs drlu 23 187948 58103 25 417,485
7 108 dfs drlu 23 1805723 558017 25 3702,358
7 109 dfs drlu 23 1796606 555198 25 3670,146
7 110 dfs drlu 23 482704 149175 25 980,263
7 111 dfs drlu 23 247600 76528 25 522,804
7 112 dfs drlu 23 459722 142077 25 956,165
7 113 dfs drlu 23 94052 29079 25 178,088
7 114 dfs drlu 23 1804149 557531 25 3683,303
7 115 dfs drlu 23 995591 307668 25 2044,987
7 116 dfs drlu 23 495877 153247 25 1030,891
7 117 dfs drlu 23 2609545 806409 25 5271,794
7 118 dfs drlu 23 223580 69109 25 452,795
7 119 dfs drlu 23 170230 52623 25 339,311
7 120 dfs drlu 23 166545 51485 25 337,569
7 121 dfs drlu 23 166545 51485 25 335,119
7 122 dfs drlu 23 38798 12007 25 76,930
7 123 dfs drlu 23 71771 22196 25 149,127
7 124 dfs drlu 23 38798 12007 25 77,582
7 125 dfs drlu 23 22312 6913 25 50,977
7 126 dfs drlu 23 22312 6913 25 61,510
7 127 dfs drlu 23 2600493 803610 25 5386,123
7 128 dfs drlu 23 492793 152294 25 1015,841
7 129 dfs drlu 23 32030 9917 25 64,032
7 130 dfs drlu 23 195569 60457 25 447,264
7 131 dfs drlu 23 32030 9917 25 65,479
7 132 dfs drlu 23 8166 2540 25 18,131
7 133 dfs drlu 23 1803583 557358 25 3698,185
7 134 dfs drlu 23 995025 307495 25 2048,374
7 135 dfs drlu 23 495311 153074 25 982,747
7 136 dfs drlu 23 2608979 806236 25 5313,699
7 137 dfs drlu 23 223014 68936 25 454,408
7 138 dfs drlu 23 169664 52450 25 334,338
7 139 dfs drlu 23 2596507 802379 25 5242,138
7 140 dfs drlu 23 988521 305484 25 2094,717
7 141 dfs drlu 23 89093 27547 25 178,150
7 142 dfs drlu 23 89093 27547 25 175,261
7 143 dfs drlu 23 207731 64213 25 416,040
7 144 dfs drlu 23 77165 23862 25 152,639
7 145 dfs drlu 23 44192 13673 25 86,747
7 146 dfs drlu 23 2607841 805885 25 5340,844
7 147 dfs drlu 23 241173 74545 25 549,916
7 148 dfs drlu 23 476277 147192 25 1007,523
7 149 dfs drlu 23 241173 74545 25 482,029
7 150 dfs drlu 23 15514 4815 25 30,646
7 151 dfs drlu 23 15514 4815 25 30,739
7 152 dfs drlu 23 1739 557 25 5,141
7 153 dfs drlu 23 212124 65572 25 476,059
7 154 dfs drlu 23 1739 557 25 5,829
7 155 dfs drlu 23 3178 1001 25 8,111
7 156 dfs drlu 23 58576 18123 25 114,547
7 157 dfs drlu 23 1739 557 25 5,522
7 158 dfs drlu 23 2600142 803502 25 5244,270
7 159 dfs drlu 23 492442 152186 25 1004,285
7 160 dfs drlu 23 2595048 801928 25 5210,243
7 161 dfs drlu 23 987062 305033 25 2064,088
7 162 dfs drlu 23 235758 72871 25 469,241
7 163 dfs drlu 23 1784764 551541 25 3656,079
7 164 dfs drlu 23 235758 72871 25 481,359
7 165 dfs drlu 23 206272 63762 25 455,154
7 166 dfs drlu 23 75706 23411 25 159,216
7 167 dfs drlu 23 42733 13222 25 87,925
7 168 dfs drlu 23 545 186 25 3,596
7 169 dfs drlu 23 545 186 25 3,089
7 170 dfs drlu 23 1803448 557316 25 3678,984
7 171 dfs drlu 23 994890 307453 25 2069,213
7 172 dfs drlu 23 495176 153032 25 999,602
7 173 dfs drlu 23 2608844 806194 25 5276,029
7 174 dfs drlu 23 222879 68894 25 453,934
7 175 dfs drlu 23 169529 52408 25 363,319
7 176 dfs drlu 23 2596372 802337 25 5326,610
7 177 dfs drlu 23 988386 305442 25 2056,300
7 178 dfs drlu 23 88958 27505 25 174,241
7 179 dfs drlu 23 88958 27505 25 174,126
7 180 dfs drlu 23 207596 64171 25 416,304
7 181 dfs drlu 23 77030 23820 25 152,128
7 182 dfs drlu 23 44057 13631 25 84,683
7 183 dfs drlu 23 2607706 805843 25 5315,918
7 184 dfs drlu 23 241038 74503 25 528,187
7 185 dfs drlu 23 476142 147150 25 995,908
7 186 dfs drlu 23 241038 74503 25 485,599
7 187 dfs drlu 23 15379 4773 25 30,768
7 188 dfs drlu 23 15379 4773 25 30,150
7 189 dfs drlu 23 2593560 801470 25 5313,851
7 190 dfs drlu 23 985574 304575 25 2048,286
7 191 dfs drlu 23 234270 72413 25 476,529
7 192 dfs drlu 23 1783276 551083 25 3705,399
7 193 dfs drlu 23 234270 72413 25 471,626
7 194 dfs drlu 23 86146 26638 25 173,069
7 195 dfs drlu 23 86146 26638 25 172,950
7 196 dfs drlu 23 6327 1974 25 15,093
7 197 dfs drlu 23 448131 138498 25 955,027
7 198 dfs drlu 23 6327 1974 25 15,017
7 199 dfs drlu 23 3178 1001 25 8,073
7 200 dfs drlu 23 3178 1001 25 8,043
7 201 dfs drlu 23 2607435 805758 25 5309,672
7 202 dfs drlu 23 240767 74418 25 483,094
7 203 dfs drlu 23 475871 147065 25 1014,110
7 204 dfs drlu 23 240767 74418 25 497,553
7 205 dfs drlu 23 20202 6262 25 41,865
7 206 dfs drlu 23 1778719 549675 25 3692,372
7 207 dfs drlu 23 464817 143652 25 965,890
7 208 dfs drlu 23 36688 11356 25 74,263
7 209 dfs drlu 23 69661 21545 25 144,257
7 210 dfs drlu 23 36688 11356 25 71,268
7 211 dfs drlu 23 20202 6262 25 45,824
7 212 dfs drlu 23 20202 6262 25 41,610
